0.00
0.00
0.00
39.97
59.96
49.96
39.97
39.97
49.96
39.97
39.97
39.95
49.95
39.97
39.96
39.97
39.97
39.97
39.97
49.94
29.98
49.96
39.96
39.95
39.96
39.97
39.97
39.96
39.97
49.96
39.97
39.97
49.95
39.97
39.96
39.97
49.96
49.95
39.97
39.97
49.96
39.97
39.96
39.96
49.96
39.97
39.97
39.97
49.96
39.96
39.97
39.97
49.96
39.97
49.96
39.96
39.97
49.91
39.95
39.97
49.97
39.97
29.98
49.96
49.96
39.97
39.97
39.97
49.96
49.96
39.97
39.96
39.96
49.95
39.97
39.97
39.97
39.95
49.94
39.97
49.96
39.97
39.97
39.97
49.96
39.97
39.97
49.96
39.96
39.96
49.95
39.97
39.97
39.96
39.97
49.95
39.97
49.96
29.98
49.96
39.97
39.97
49.96
49.95
39.97
49.96
29.98
49.95
39.97
39.97
49.94
39.97
39.96
49.96
39.96
49.96
39.97
39.97
39.97
49.96
39.97
49.96
29.97
49.96
39.96
0.00
0.00
0.00
0.00
0.00
0.00
0.00
0.00
0.00
0.00
0.00
0.00
0.00
0.00
0.00
0.00
0.00
0.00
9.99
0.00
0.00
0.00
0.00
0.00
0.00
0.00
0.00
0.00
0.00
0.00
0.00
0.00
0.00
0.00
0.00
0.00
0.00
0.00
0.00
0.00
0.00
0.00
0.00
0.00
0.00
0.00
0.00
0.00
0.00
0.00
0.00
0.00
0.00
0.00
0.00
0.00
0.00
0.00
0.00
0.00
0.00
0.00
0.00
0.00
0.00
0.00
0.00
0.00
0.00
0.00
0.00
0.00
0.00
9.99
0.00
0.00
0.00
0.00
0.00
0.00
0.00
0.00
0.00
0.00
0.00
0.00
0.00
0.00
0.00
0.00
0.00
0.00
0.00
0.00
0.00
0.00
0.00
0.00
0.00
0.00
0.00
0.00
0.00
0.00
0.00
0.00
0.00
0.00
0.00
0.00
0.00
0.00
0.00
0.00
0.00
0.00
0.00
0.00
0.00
0.00
0.00
0.00
0.00
0.00
0.00
0.00
0.00
0.00
0.00
0.00
0.00
0.00
0.00
0.00
0.00
0.00
0.00
0.00
0.00
0.00
0.00
0.00
0.00
0.00
0.00
0.00
0.00
0.00
0.00
0.00
0.00
0.00
0.00
0.00
0.00
0.00
0.00
0.00
0.00
0.00
0.00
0.00
0.00
0.00
0.00
0.00
0.00
0.00
0.00
0.00
0.00
0.00
0.00
0.00
0.00
