0.00
0.00
0.00
9.98
29.98
29.98
19.98
39.91
19.98
29.98
29.98
29.98
29.98
19.98
29.97
29.98
29.97
19.98
39.96
19.98
29.98
29.98
29.98
19.98
29.98
29.97
29.98
29.97
19.98
29.98
29.98
29.96
29.98
29.97
19.99
29.98
19.98
39.96
19.99
29.98
29.96
29.97
29.97
19.98
29.98
29.98
29.97
19.98
29.97
29.98
29.98
29.98
19.98
29.98
29.98
19.98
39.97
29.98
19.98
29.98
19.98
39.97
29.98
19.98
19.98
29.98
39.97
19.98
29.98
29.98
29.98
29.97
19.98
29.98
29.98
29.97
19.98
29.98
29.98
29.98
19.98
29.98
39.95
19.98
19.98
29.98
29.96
29.97
29.97
19.98
29.98
29.98
29.97
29.98
29.98
29.97
29.98
19.98
29.97
19.98
29.98
29.98
29.98
29.97
29.97
19.98
29.97
29.98
29.97
29.98
19.98
29.98
29.98
29.98
29.97
29.98
19.98
29.97
29.98
19.98
39.97
29.98
19.98
29.98
29.98
29.97
19.98
29.98
29.98
29.97
29.98
19.98
29.96
29.97
29.97
29.97
19.98
29.98
29.98
29.98
19.98
29.98
29.97
29.98
29.97
29.97
29.97
19.98
29.97
19.98
29.97
29.98
39.97
19.98
19.98
39.97
19.98
29.97
29.97
29.97
29.98
29.98
19.98
29.98
39.97
19.98
19.99
29.98
29.98
29.98
29.97
19.98
29.97
29.98
29.98
29.98
19.98
29.98
29.98
29.97
19.98
29.98
29.98
29.98
29.98
19.98
39.97
19.98
39.97
29.98
19.98
19.98
29.98
29.98
39.97
19.98
29.98
19.98
29.97
29.98
29.98
29.98
29.96
19.98
29.97
29.98
19.98
29.98
39.97
19.98
29.98
19.98
29.98
29.98
29.98
29.97
29.97
29.98
29.98
19.97
29.98
29.98
19.98
29.98
29.98
29.98
29.98
29.98
29.98
29.98
19.98
29.98
19.98
29.97
29.98
29.98
29.98
29.98
29.98
29.98
19.98
29.96
19.99
29.98
29.98
29.98
19.98
29.97
29.98
29.98
29.98
19.98
29.98
29.98
29.98
29.97
29.97
29.97
29.98
19.98
29.98
29.98
19.98
29.98
39.97
19.98
29.98
29.97
29.98
19.98
29.97
19.98
29.98
29.98
29.98
19.98
29.98
29.97
29.98
29.97
19.98
0.00
0.00
0.00
0.00
0.00
0.00
0.00
0.00
0.00
0.00
0.00
0.00
0.00
0.00
0.00
0.00
0.00
0.00
0.00
