0.00
0.00
0.00
79.69
102.68
101.56
98.03
98.00
97.77
98.16
98.23
98.08
97.96
97.80
98.34
98.33
97.74
98.12
98.04
98.06
97.98
97.98
98.08
97.99
98.20
98.35
97.74
97.86
98.16
97.95
97.94
98.05
98.39
98.05
98.16
97.92
98.05
98.05
98.05
98.05
97.93
98.07
97.92
98.14
98.17
98.15
97.93
98.05
98.05
98.04
97.92
98.05
98.06
97.94
98.33
97.68
98.55
97.71
98.07
98.31
98.07
98.06
98.04
97.94
98.04
98.04
98.05
98.06
98.04
97.97
98.06
98.15
98.17
98.15
97.95
98.06
98.05
97.89
98.02
98.05
98.18
97.82
98.18
98.17
98.29
97.81
98.06
98.05
98.04
98.05
98.04
98.03
98.28
97.68
98.06
98.15
98.29
98.06
98.06
98.07
98.06
98.06
98.04
97.77
97.97
98.06
98.18
98.28
97.69
98.43
97.78
98.05
98.03
98.04
98.27
97.81
97.95
98.05
98.30
98.02
98.19
98.06
98.06
98.06
83.59
0.00
0.00
0.00
0.00
0.00
0.00
0.00
0.00
0.00
0.00
0.00
0.00
0.00
0.00
0.00
0.00
0.00
0.00
0.00
0.00
0.00
0.00
0.00
0.00
0.00
0.00
0.00
0.00
0.00
0.00
0.00
0.00
0.00
0.00
0.00
0.00
0.00
0.00
0.00
0.00
0.00
0.00
0.00
0.00
0.00
0.00
0.00
0.00
0.00
0.00
0.00
0.00
0.00
0.00
0.00
0.00
0.00
0.00
0.00
0.00
0.00
0.00
0.00
0.00
0.00
0.00
0.00
0.00
0.00
0.00
0.00
0.00
0.00
0.00
0.00
0.00
0.00
0.00
0.00
0.00
0.00
0.00
0.00
0.00
0.00
0.00
0.00
0.00
0.00
0.00
0.00
0.00
0.00
0.00
0.00
0.00
0.00
0.00
0.00
0.00
0.00
0.00
0.00
0.00
0.00
0.00
0.00
0.00
0.00
0.00
0.00
0.00
0.00
0.00
0.00
0.00
0.00
0.00
0.00
0.00
0.00
0.00
0.00
0.00
0.00
0.00
0.00
0.00
0.00
0.00
0.00
0.00
0.00
0.00
0.00
0.00
0.00
0.00
0.00
0.00
0.00
0.00
0.00
0.00
0.00
0.00
0.00
0.00
0.00
0.00
0.00
0.00
0.00
0.00
0.00
0.00
0.00
0.00
0.00
0.00
0.00
0.00
0.00
0.00
0.00
0.00
0.00
0.00
0.00
0.00
0.00
0.00
0.00
0.00
0.00
