0.00
0.00
0.00
4.19
22.40
22.81
22.42
22.46
22.52
22.36
22.52
22.11
22.81
22.21
22.56
22.32
22.64
22.35
22.29
22.36
22.39
22.47
22.51
22.15
21.97
22.62
22.18
22.15
22.49
22.31
22.56
22.12
22.59
22.01
21.99
22.55
22.10
22.50
22.53
22.07
22.37
22.46
22.14
22.26
22.48
22.24
22.38
22.58
22.21
22.52
21.87
22.47
22.20
22.35
22.44
22.42
22.11
22.48
22.21
22.82
22.24
22.72
22.37
22.68
22.62
22.59
21.90
22.59
22.31
22.22
22.30
22.30
22.61
22.98
22.30
22.49
22.53
22.45
22.43
22.18
22.64
22.31
22.35
22.34
22.74
22.49
22.31
22.34
22.27
22.53
22.31
22.21
22.89
22.40
22.27
22.14
22.28
22.30
22.34
22.55
22.02
22.12
22.75
22.58
22.64
22.23
22.22
22.78
22.54
22.66
22.17
22.32
22.43
22.54
22.66
22.22
22.68
22.37
22.53
22.30
22.36
22.39
22.32
22.66
22.11
22.46
22.22
22.23
22.39
22.32
22.32
21.99
22.42
22.15
22.25
22.65
22.33
22.37
22.40
22.31
22.49
22.28
22.03
22.55
22.67
22.24
22.37
22.40
22.32
22.32
22.38
22.08
22.17
22.52
22.42
22.09
22.30
22.28
22.25
22.42
22.30
22.50
22.55
22.22
22.57
22.12
22.55
22.47
22.31
22.65
21.89
22.49
22.16
22.39
22.19
22.32
22.54
22.47
22.29
22.62
22.63
22.71
22.18
22.65
21.90
22.12
22.31
22.21
22.29
22.47
22.47
22.57
22.42
22.25
22.27
22.34
22.57
22.21
21.93
22.35
22.27
22.28
22.35
22.19
22.08
22.54
22.43
22.47
22.30
22.39
22.16
22.25
22.25
22.59
22.27
22.57
22.54
22.32
22.13
22.45
22.61
22.77
22.41
22.63
22.35
22.71
22.23
22.04
22.62
22.51
22.79
22.29
22.14
22.35
22.30
22.28
22.44
22.23
22.61
22.25
22.51
22.41
22.51
22.63
22.71
22.27
22.46
22.32
22.43
22.71
22.32
21.96
22.44
22.53
22.09
22.53
22.52
22.48
22.81
22.26
22.48
22.83
22.13
22.58
22.34
22.42
22.38
22.46
22.42
22.50
22.26
22.39
22.57
22.52
22.36
22.16
22.33
22.49
22.42
22.53
19.11
0.00
0.00
0.00
0.00
0.00
0.00
0.00
0.00
0.00
0.00
0.00
0.00
0.00
0.00
0.00
0.00
0.00
0.00
0.00
