000.010000 0.00
000.020000 9.99
000.030000 0.00
000.040000 39.96
000.050000 69.95
000.060000 59.96
000.070000 69.95
000.080000 59.96
000.090000 59.96
000.100000 59.94
000.110000 59.95
000.120000 69.95
000.130000 59.94
000.140000 59.96
000.150000 69.95
000.160000 59.95
000.170000 59.95
000.180000 59.95
000.190000 59.96
000.200000 69.94
000.210000 59.96
000.220000 59.95
000.230000 69.95
000.240000 59.95
000.250000 59.95
000.260000 59.94
000.270000 59.95
000.280000 69.95
000.290000 59.95
000.300000 59.96
000.310000 59.95
000.320000 69.94
000.330000 59.96
000.340000 59.95
000.350000 69.94
000.360000 49.96
000.370000 69.94
000.380000 59.96
000.390000 59.95
000.400000 59.96
000.410000 69.95
000.420000 59.94
000.430000 59.95
000.440000 69.95
000.450000 59.95
000.460000 49.96
000.470000 79.94
000.480000 49.96
000.490000 59.96
000.500000 59.96
000.510000 69.95
000.520000 59.95
000.530000 69.94
000.540000 59.95
000.550000 59.96
000.560000 59.95
000.570000 59.96
000.580000 69.95
000.590000 49.96
000.600000 69.94
000.610000 59.95
000.620000 59.94
000.630000 69.94
000.640000 59.94
000.650000 69.94
000.660000 59.96
000.670000 49.96
000.680000 69.94
000.690000 59.95
000.700000 59.96
000.710000 59.95
000.720000 69.94
000.730000 59.95
000.740000 59.95
000.750000 69.95
000.760000 59.95
000.770000 59.95
000.780000 59.95
000.790000 59.95
000.800000 69.95
000.810000 59.95
000.820000 59.95
000.830000 59.96
000.840000 69.95
000.850000 59.95
000.860000 39.94
000.870000 0.00
000.880000 0.00
000.890000 0.00
000.900000 0.00
000.910000 0.00
000.920000 0.00
000.930000 9.99
000.940000 0.00
000.950000 0.00
000.960000 0.00
000.970000 0.00
000.980000 0.00
000.990000 0.00
001.000000 0.00
001.010000 0.00
001.020000 0.00
001.030000 0.00
001.040000 0.00
001.050000 0.00
001.060000 0.00
001.070000 0.00
001.080000 0.00
001.090000 0.00
001.100000 0.00
001.110000 0.00
001.120000 0.00
001.130000 0.00
001.140000 0.00
001.150000 0.00
001.160000 0.00
001.170000 0.00
001.180000 0.00
001.190000 0.00
001.200000 0.00
001.210000 0.00
001.220000 0.00
001.230000 0.00
001.240000 0.00
001.250000 0.00
001.260000 0.00
001.270000 0.00
001.280000 0.00
001.290000 0.00
001.300000 0.00
001.310000 0.00
001.320000 0.00
001.330000 0.00
001.340000 0.00
001.350000 0.00
001.360000 0.00
001.370000 0.00
001.380000 0.00
001.390000 0.00
001.400000 0.00
001.410000 0.00
001.420000 0.00
001.430000 0.00
001.440000 0.00
001.450000 0.00
001.460000 0.00
001.470000 0.00
001.480000 0.00
001.490000 0.00
001.500000 0.00
001.510000 0.00
001.520000 0.00
001.530000 0.00
001.540000 0.00
001.550000 0.00
001.560000 0.00
001.570000 0.00
001.580000 0.00
001.590000 0.00
001.600000 0.00
001.610000 0.00
001.620000 0.00
001.630000 0.00
001.640000 0.00
001.650000 0.00
001.660000 0.00
001.670000 0.00
001.680000 9.99
001.690000 0.00
001.700000 0.00
001.710000 0.00
001.720000 0.00
001.730000 0.00
001.740000 0.00
001.750000 0.00
001.760000 0.00
001.770000 0.00
001.780000 0.00
001.790000 0.00
001.800000 0.00
001.810000 0.00
001.820000 0.00
001.830000 0.00
001.840000 0.00
001.850000 0.00
001.860000 0.00
001.870000 0.00
001.880000 0.00
001.890000 0.00
001.900000 0.00
001.910000 0.00
001.920000 0.00
001.930000 0.00
001.940000 0.00
001.950000 0.00
001.960000 0.00
001.970000 0.00
001.980000 0.00
001.990000 0.00
002.000000 0.00
002.010000 0.00
002.020000 0.00
002.030000 0.00
002.040000 0.00
002.050000 0.00
002.060000 0.00
002.070000 0.00
002.080000 0.00
002.090000 0.00
002.100000 0.00
002.110000 0.00
002.120000 0.00
002.130000 0.00
002.140000 0.00
002.150000 0.00
002.160000 0.00
002.170000 0.00
002.180000 0.00
002.190000 0.00
002.200000 0.00
002.210000 0.00
002.220000 0.00
002.230000 0.00
002.240000 0.00
002.250000 0.00
002.260000 0.00
002.270000 0.00
002.280000 0.00
002.290000 0.00
002.300000 0.00
002.310000 0.00
002.320000 0.00
002.330000 0.00
002.340000 0.00
002.350000 0.00
002.360000 0.00
002.370000 0.00
002.380000 0.00
002.390000 0.00
002.400000 0.00
002.410000 0.00
002.420000 0.00
002.430000 0.00
002.440000 0.00
002.450000 0.00
002.460000 0.00
002.470000 0.00
002.480000 0.00
002.490000 0.00
002.500000 0.00
002.510000 0.00
002.520000 0.00
002.530000 9.99
002.540000 0.00
002.550000 0.00
002.560000 0.00
002.570000 0.00
002.580000 0.00
002.590000 0.00
002.600000 0.00
002.610000 0.00
002.620000 0.00
002.630000 0.00
002.640000 0.00
002.650000 0.00
002.660000 0.00
002.670000 0.00
002.680000 0.00
002.690000 0.00
002.700000 0.00
002.710000 0.00
002.720000 0.00
002.730000 0.00
002.740000 0.00
002.750000 0.00
002.760000 0.00
002.770000 0.00
002.780000 0.00
002.790000 0.00
002.800000 0.00
002.810000 0.00
002.820000 0.00
002.830000 0.00
002.840000 0.00
002.850000 0.00
002.860000 0.00
002.870000 0.00
002.880000 0.00
002.890000 0.00
002.900000 0.00
002.910000 0.00
002.920000 0.00
002.930000 0.00
002.940000 0.00
002.950000 0.00
002.960000 0.00
002.970000 0.00
002.980000 0.00
002.990000 0.00
003.000000 0.00
