000.010000 0.00
000.020000 0.00
000.030000 0.00
000.040000 90.40
000.050000 98.24
000.060000 98.84
000.070000 97.64
000.080000 97.62
000.090000 97.63
000.100000 98.73
000.110000 97.64
000.120000 97.64
000.130000 97.64
000.140000 97.61
000.150000 98.84
000.160000 99.69
000.170000 97.64
000.180000 97.63
000.190000 94.51
000.200000 100.02
000.210000 97.65
000.220000 97.65
000.230000 97.65
000.240000 97.65
000.250000 97.65
000.260000 101.62
000.270000 97.99
000.280000 97.64
000.290000 97.27
000.300000 97.65
000.310000 100.50
000.320000 97.64
000.330000 97.64
000.340000 97.64
000.350000 97.64
000.360000 97.64
000.370000 97.65
000.380000 97.63
000.390000 97.63
000.400000 97.65
000.410000 97.65
000.420000 98.97
000.430000 100.65
000.440000 98.72
000.450000 97.64
000.460000 97.99
000.470000 97.64
000.480000 97.64
000.490000 97.64
000.500000 97.64
000.510000 97.28
000.520000 97.63
000.530000 97.65
000.540000 97.53
000.550000 99.94
000.560000 97.65
000.570000 96.92
000.580000 97.65
000.590000 102.21
000.600000 98.12
000.610000 97.64
000.620000 97.64
000.630000 97.64
000.640000 97.64
000.650000 97.64
000.660000 98.00
000.670000 97.65
000.680000 97.65
000.690000 97.65
000.700000 97.65
000.710000 99.45
000.720000 97.65
000.730000 97.63
000.740000 97.65
000.750000 97.65
000.760000 98.97
000.770000 100.64
000.780000 98.72
000.790000 95.83
000.800000 100.13
000.810000 98.00
000.820000 97.64
000.830000 97.64
000.840000 97.64
000.850000 97.61
000.860000 97.99
000.870000 97.65
000.880000 97.65
000.890000 97.65
000.900000 97.64
000.910000 97.41
000.920000 102.20
000.930000 97.64
000.940000 97.63
000.950000 98.00
000.960000 97.64
000.970000 97.63
000.980000 97.62
000.990000 97.64
001.000000 97.65
001.010000 97.65
001.020000 97.65
001.030000 97.64
001.040000 102.34
001.050000 97.62
001.060000 97.64
001.070000 97.64
001.080000 97.63
001.090000 97.64
001.100000 97.65
001.110000 100.53
001.120000 98.00
001.130000 97.64
001.140000 97.64
001.150000 96.91
001.160000 97.65
001.170000 97.64
001.180000 97.65
001.190000 97.65
001.200000 97.65
001.210000 99.21
001.220000 100.41
001.230000 98.72
001.240000 97.60
001.250000 97.64
001.260000 98.37
001.270000 0.48
001.280000 0.00
001.290000 0.00
001.300000 0.00
001.310000 0.00
001.320000 0.00
001.330000 0.00
001.340000 0.00
001.350000 0.00
001.360000 0.00
001.370000 0.00
001.380000 0.00
001.390000 0.00
001.400000 0.00
001.410000 0.00
001.420000 0.00
001.430000 0.00
001.440000 0.00
001.450000 0.00
001.460000 0.00
001.470000 0.00
001.480000 0.00
001.490000 0.00
001.500000 0.00
001.510000 0.00
001.520000 0.00
001.530000 0.00
001.540000 0.00
001.550000 0.00
001.560000 0.00
001.570000 0.00
001.580000 0.00
001.590000 0.00
001.600000 0.00
001.610000 0.00
001.620000 0.00
001.630000 0.00
001.640000 0.00
001.650000 0.00
001.660000 0.00
001.670000 0.00
001.680000 0.00
001.690000 0.00
001.700000 0.00
001.710000 0.00
001.720000 0.00
001.730000 0.00
001.740000 0.00
001.750000 0.00
001.760000 0.00
001.770000 0.00
001.780000 0.00
001.790000 0.00
001.800000 0.00
001.810000 0.00
001.820000 0.00
001.830000 0.00
001.840000 0.00
001.850000 0.00
001.860000 0.00
001.870000 0.00
001.880000 0.00
001.890000 0.00
001.900000 0.00
001.910000 0.00
001.920000 0.00
001.930000 0.00
001.940000 0.00
001.950000 0.00
001.960000 0.00
001.970000 0.00
001.980000 0.00
001.990000 0.00
002.000000 0.00
002.010000 0.00
002.020000 0.00
002.030000 0.00
002.040000 0.00
002.050000 0.00
002.060000 0.00
002.070000 0.00
002.080000 0.00
002.090000 0.00
002.100000 0.00
002.110000 0.00
002.120000 0.00
002.130000 0.00
002.140000 0.00
002.150000 0.00
002.160000 0.00
002.170000 0.00
002.180000 0.00
002.190000 0.00
002.200000 0.00
002.210000 0.00
002.220000 0.00
002.230000 0.00
002.240000 0.00
002.250000 0.00
002.260000 0.00
002.270000 0.00
002.280000 0.00
002.290000 0.00
002.300000 0.00
002.310000 0.00
002.320000 0.00
002.330000 0.00
002.340000 0.00
002.350000 0.00
002.360000 0.00
002.370000 0.00
002.380000 0.00
002.390000 0.00
002.400000 0.00
002.410000 0.00
002.420000 0.00
002.430000 0.00
002.440000 0.00
002.450000 0.00
002.460000 0.00
002.470000 0.00
002.480000 0.00
002.490000 0.00
002.500000 0.00
002.510000 0.00
002.520000 0.00
002.530000 0.00
002.540000 0.00
002.550000 0.00
002.560000 0.00
002.570000 0.00
002.580000 0.00
002.590000 0.00
002.600000 0.00
002.610000 0.00
002.620000 0.00
002.630000 0.00
002.640000 0.00
002.650000 0.00
002.660000 0.00
002.670000 0.00
002.680000 0.00
002.690000 0.00
002.700000 0.00
002.710000 0.00
002.720000 0.00
002.730000 0.00
002.740000 0.00
002.750000 0.00
002.760000 0.00
002.770000 0.00
002.780000 0.00
002.790000 0.00
002.800000 0.00
002.810000 0.00
002.820000 0.00
002.830000 0.00
002.840000 0.00
002.850000 0.00
002.860000 0.00
002.870000 0.00
002.880000 0.00
002.890000 0.00
002.900000 0.00
002.910000 0.00
002.920000 0.00
002.930000 0.00
002.940000 0.00
002.950000 0.00
002.960000 0.00
002.970000 0.00
002.980000 0.00
002.990000 0.00
003.000000 0.00
