000.010000 0.00
000.020000 0.00
000.030000 0.00
000.040000 5.04
000.050000 23.11
000.060000 23.21
000.070000 23.19
000.080000 23.22
000.090000 23.31
000.100000 22.90
000.110000 23.26
000.120000 23.16
000.130000 23.41
000.140000 23.07
000.150000 23.51
000.160000 22.77
000.170000 23.46
000.180000 23.09
000.190000 22.90
000.200000 23.03
000.210000 23.18
000.220000 23.25
000.230000 23.22
000.240000 22.92
000.250000 23.06
000.260000 23.39
000.270000 23.11
000.280000 22.79
000.290000 23.10
000.300000 23.09
000.310000 23.25
000.320000 23.48
000.330000 23.13
000.340000 22.60
000.350000 23.13
000.360000 23.13
000.370000 22.96
000.380000 23.36
000.390000 23.05
000.400000 23.14
000.410000 22.99
000.420000 23.22
000.430000 22.87
000.440000 23.30
000.450000 22.91
000.460000 23.01
000.470000 23.25
000.480000 23.21
000.490000 23.17
000.500000 22.95
000.510000 22.99
000.520000 23.36
000.530000 22.97
000.540000 23.13
000.550000 23.23
000.560000 22.44
000.570000 23.18
000.580000 22.77
000.590000 23.48
000.600000 22.99
000.610000 23.33
000.620000 23.42
000.630000 23.33
000.640000 23.39
000.650000 23.19
000.660000 22.71
000.670000 23.01
000.680000 23.05
000.690000 22.98
000.700000 22.98
000.710000 22.75
000.720000 23.18
000.730000 23.35
000.740000 22.97
000.750000 23.07
000.760000 22.95
000.770000 23.12
000.780000 23.09
000.790000 22.86
000.800000 23.29
000.810000 22.79
000.820000 22.92
000.830000 22.93
000.840000 23.25
000.850000 23.04
000.860000 22.84
000.870000 22.80
000.880000 22.77
000.890000 22.98
000.900000 22.90
000.910000 22.73
000.920000 23.46
000.930000 23.05
000.940000 23.01
000.950000 22.79
000.960000 22.72
000.970000 22.77
000.980000 22.83
000.990000 22.95
001.000000 22.53
001.010000 22.67
001.020000 23.33
001.030000 23.19
001.040000 23.05
001.050000 22.76
001.060000 23.06
001.070000 23.25
001.080000 23.01
001.090000 23.14
001.100000 22.77
001.110000 22.91
001.120000 23.01
001.130000 22.99
001.140000 23.27
001.150000 23.02
001.160000 23.25
001.170000 23.21
001.180000 23.27
001.190000 22.99
001.200000 23.13
001.210000 23.09
001.220000 23.23
001.230000 23.37
001.240000 23.15
001.250000 22.99
001.260000 22.82
001.270000 23.20
001.280000 23.19
001.290000 23.13
001.300000 22.81
001.310000 23.05
001.320000 22.90
001.330000 23.09
001.340000 22.90
001.350000 23.20
001.360000 23.00
001.370000 23.03
001.380000 23.23
001.390000 23.14
001.400000 23.24
001.410000 23.20
001.420000 22.96
001.430000 22.97
001.440000 23.22
001.450000 23.10
001.460000 22.85
001.470000 23.29
001.480000 23.31
001.490000 23.11
001.500000 22.92
001.510000 22.70
001.520000 23.01
001.530000 22.86
001.540000 23.01
001.550000 23.10
001.560000 23.05
001.570000 22.86
001.580000 23.22
001.590000 23.25
001.600000 23.02
001.610000 23.25
001.620000 23.20
001.630000 23.06
001.640000 22.72
001.650000 23.23
001.660000 22.99
001.670000 22.82
001.680000 23.23
001.690000 22.76
001.700000 23.06
001.710000 22.84
001.720000 23.43
001.730000 22.95
001.740000 22.86
001.750000 23.27
001.760000 23.01
001.770000 22.78
001.780000 23.39
001.790000 23.39
001.800000 23.57
001.810000 22.86
001.820000 23.54
001.830000 22.75
001.840000 22.81
001.850000 23.08
001.860000 23.11
001.870000 23.00
001.880000 23.20
001.890000 23.02
001.900000 23.46
001.910000 23.22
001.920000 23.25
001.930000 22.91
001.940000 23.16
001.950000 23.18
001.960000 22.69
001.970000 22.86
001.980000 23.10
001.990000 23.27
002.000000 22.81
002.010000 23.02
002.020000 22.96
002.030000 23.18
002.040000 22.94
002.050000 23.06
002.060000 23.37
002.070000 22.74
002.080000 23.13
002.090000 22.99
002.100000 22.69
002.110000 23.29
002.120000 23.17
002.130000 22.98
002.140000 23.07
002.150000 23.10
002.160000 23.07
002.170000 22.92
002.180000 23.18
002.190000 23.41
002.200000 23.17
002.210000 23.46
002.220000 23.39
002.230000 23.18
002.240000 22.94
002.250000 23.23
002.260000 23.00
002.270000 23.36
002.280000 23.11
002.290000 23.14
002.300000 22.98
002.310000 23.05
002.320000 23.30
002.330000 23.04
002.340000 23.28
002.350000 22.97
002.360000 23.38
002.370000 22.99
002.380000 23.04
002.390000 23.33
002.400000 22.91
002.410000 23.23
002.420000 23.62
002.430000 23.04
002.440000 23.06
002.450000 22.99
002.460000 23.27
002.470000 23.33
002.480000 23.12
002.490000 23.02
002.500000 23.22
002.510000 23.18
002.520000 22.96
002.530000 23.22
002.540000 23.36
002.550000 22.94
002.560000 23.57
002.570000 22.69
002.580000 23.45
002.590000 23.44
002.600000 22.80
002.610000 23.38
002.620000 23.09
002.630000 23.33
002.640000 23.06
002.650000 23.39
002.660000 23.10
002.670000 23.16
002.680000 22.96
002.690000 23.07
002.700000 23.21
002.710000 23.11
002.720000 22.78
002.730000 22.84
002.740000 23.15
002.750000 23.02
002.760000 23.23
002.770000 23.41
002.780000 14.54
002.790000 0.00
002.800000 0.00
002.810000 0.00
002.820000 0.00
002.830000 0.00
002.840000 0.00
002.850000 0.00
002.860000 0.00
002.870000 0.00
002.880000 0.00
002.890000 0.00
002.900000 0.00
002.910000 0.00
002.920000 0.00
002.930000 0.00
002.940000 0.00
002.950000 0.00
002.960000 0.00
002.970000 0.00
002.980000 0.00
002.990000 0.00
003.000000 0.00
