0.00
0.00
0.00
49.94
49.97
49.95
49.87
39.97
49.95
39.96
39.97
39.97
39.95
49.96
39.97
39.97
39.97
39.95
49.96
39.97
49.95
39.96
49.95
39.96
39.97
39.97
49.95
29.97
49.96
39.97
39.96
39.96
49.96
39.97
39.95
49.96
39.97
39.97
49.94
39.97
49.96
39.97
39.96
49.94
39.97
39.97
39.97
49.94
29.97
49.95
39.97
39.96
49.95
49.96
39.97
39.97
49.96
29.98
39.96
49.95
39.97
49.94
39.97
49.96
39.97
39.97
39.97
49.96
39.97
49.96
39.97
49.95
39.94
39.97
49.96
39.97
39.97
39.97
49.96
39.97
39.97
39.97
49.96
39.97
39.97
49.95
39.97
49.95
39.97
49.96
29.98
49.96
39.97
49.96
39.96
39.95
39.97
49.95
39.97
49.95
39.97
39.97
49.96
39.97
39.97
49.96
29.98
49.96
39.97
39.97
49.96
39.95
39.97
49.94
39.97
49.96
39.96
39.96
39.97
49.96
39.96
39.95
39.97
49.96
39.97
0.00
0.00
0.00
0.00
0.00
0.00
0.00
0.00
0.00
0.00
0.00
0.00
0.00
0.00
0.00
0.00
0.00
0.00
0.00
0.00
0.00
0.00
0.00
0.00
0.00
0.00
0.00
0.00
0.00
0.00
0.00
0.00
0.00
0.00
0.00
0.00
0.00
0.00
0.00
0.00
0.00
0.00
0.00
0.00
0.00
0.00
0.00
0.00
0.00
9.99
0.00
0.00
0.00
0.00
0.00
0.00
0.00
0.00
0.00
0.00
0.00
0.00
0.00
0.00
0.00
0.00
0.00
0.00
0.00
0.00
0.00
0.00
0.00
0.00
0.00
0.00
0.00
0.00
0.00
0.00
0.00
0.00
0.00
0.00
0.00
0.00
0.00
0.00
0.00
0.00
0.00
0.00
0.00
0.00
0.00
0.00
0.00
0.00
0.00
0.00
0.00
0.00
0.00
0.00
0.00
0.00
0.00
0.00
0.00
0.00
0.00
0.00
0.00
0.00
0.00
0.00
0.00
0.00
0.00
0.00
0.00
0.00
0.00
0.00
0.00
0.00
0.00
0.00
0.00
0.00
0.00
0.00
9.99
0.00
0.00
0.00
0.00
0.00
0.00
0.00
0.00
0.00
0.00
0.00
0.00
0.00
0.00
0.00
0.00
0.00
0.00
0.00
0.00
0.00
0.00
0.00
0.00
0.00
0.00
0.00
0.00
0.00
0.00
0.00
0.00
0.00
0.00
0.00
0.00
0.00
0.00
0.00
0.00
0.00
0.00
