0.00
0.00
0.00
77.54
102.65
101.69
98.04
98.02
98.07
98.23
98.16
97.85
98.01
98.04
98.17
98.04
97.91
98.02
98.03
98.16
97.90
98.00
98.26
98.15
98.09
98.06
98.12
98.02
98.02
98.00
98.02
98.01
98.05
98.02
97.97
98.26
97.78
98.03
98.24
98.03
98.04
97.93
98.15
97.87
98.26
98.13
97.78
98.33
97.90
98.24
98.13
97.98
97.91
98.36
97.92
98.05
98.05
98.18
98.02
98.02
98.04
97.97
98.04
98.13
97.92
98.03
98.16
98.05
98.15
98.06
98.01
97.78
98.21
97.79
98.39
98.14
98.16
98.16
98.04
98.05
98.05
98.04
98.03
98.02
97.79
98.01
98.03
98.13
98.13
97.90
98.27
98.04
97.82
98.15
98.11
98.09
98.14
97.90
97.88
98.23
98.00
98.05
98.16
98.16
98.05
98.06
98.17
97.94
98.05
98.05
98.04
97.89
98.18
98.01
97.96
98.05
98.16
98.01
98.05
98.07
98.27
97.77
98.06
98.15
84.90
0.00
0.00
0.00
0.00
0.00
0.00
0.00
0.00
0.00
0.00
0.00
0.00
0.00
0.00
0.00
0.00
0.00
0.00
0.00
0.00
0.00
0.00
0.00
0.00
0.00
0.00
0.00
0.00
0.00
0.00
0.00
0.00
0.00
0.00
0.00
0.00
0.00
0.00
0.00
0.00
0.00
0.00
0.00
0.00
0.00
0.00
0.00
0.00
0.00
0.00
0.00
0.00
0.00
0.00
0.00
0.00
0.00
0.00
0.00
0.00
0.00
0.00
0.00
0.00
0.00
0.00
0.00
0.00
0.00
0.00
0.00
0.00
0.00
0.00
0.00
0.00
0.00
0.00
0.00
0.00
0.00
0.00
0.00
0.00
0.00
0.00
0.00
0.00
0.00
0.00
0.00
0.00
0.00
0.00
0.00
0.00
0.00
0.00
0.00
0.00
0.00
0.00
0.00
0.00
0.00
0.00
0.00
0.00
0.00
0.00
0.00
0.00
0.00
0.00
0.00
0.00
0.00
0.00
0.00
0.00
0.00
0.00
0.00
0.00
0.00
0.00
0.00
0.00
0.00
0.00
0.00
0.00
0.00
0.00
0.00
0.00
0.00
0.00
0.00
0.00
0.00
0.00
0.00
0.00
0.00
0.00
0.00
0.00
0.00
0.00
0.00
0.00
0.00
0.00
0.00
0.00
0.00
0.00
0.00
0.00
0.00
0.00
0.00
0.00
0.00
0.00
0.00
0.00
0.00
0.00
0.00
0.00
0.00
0.00
0.00
