000.010000 0.00
000.020000 0.00
000.030000 0.00
000.040000 9.98
000.050000 29.98
000.060000 29.98
000.070000 19.98
000.080000 39.91
000.090000 19.98
000.100000 29.98
000.110000 29.98
000.120000 29.98
000.130000 29.98
000.140000 19.98
000.150000 29.97
000.160000 29.98
000.170000 29.97
000.180000 19.98
000.190000 39.96
000.200000 19.98
000.210000 29.98
000.220000 29.98
000.230000 29.98
000.240000 19.98
000.250000 29.98
000.260000 29.97
000.270000 29.98
000.280000 29.97
000.290000 19.98
000.300000 29.98
000.310000 29.98
000.320000 29.96
000.330000 29.98
000.340000 29.97
000.350000 19.99
000.360000 29.98
000.370000 19.98
000.380000 39.96
000.390000 19.99
000.400000 29.98
000.410000 29.96
000.420000 29.97
000.430000 29.97
000.440000 19.98
000.450000 29.98
000.460000 29.98
000.470000 29.97
000.480000 19.98
000.490000 29.97
000.500000 29.98
000.510000 29.98
000.520000 29.98
000.530000 19.98
000.540000 29.98
000.550000 29.98
000.560000 19.98
000.570000 39.97
000.580000 29.98
000.590000 19.98
000.600000 29.98
000.610000 19.98
000.620000 39.97
000.630000 29.98
000.640000 19.98
000.650000 19.98
000.660000 29.98
000.670000 39.97
000.680000 19.98
000.690000 29.98
000.700000 29.98
000.710000 29.98
000.720000 29.97
000.730000 19.98
000.740000 29.98
000.750000 29.98
000.760000 29.97
000.770000 19.98
000.780000 29.98
000.790000 29.98
000.800000 29.98
000.810000 19.98
000.820000 29.98
000.830000 39.95
000.840000 19.98
000.850000 19.98
000.860000 29.98
000.870000 29.96
000.880000 29.97
000.890000 29.97
000.900000 19.98
000.910000 29.98
000.920000 29.98
000.930000 29.97
000.940000 29.98
000.950000 29.98
000.960000 29.97
000.970000 29.98
000.980000 19.98
000.990000 29.97
001.000000 19.98
001.010000 29.98
001.020000 29.98
001.030000 29.98
001.040000 29.97
001.050000 29.97
001.060000 19.98
001.070000 29.97
001.080000 29.98
001.090000 29.97
001.100000 29.98
001.110000 19.98
001.120000 29.98
001.130000 29.98
001.140000 29.98
001.150000 29.97
001.160000 29.98
001.170000 19.98
001.180000 29.97
001.190000 29.98
001.200000 19.98
001.210000 39.97
001.220000 29.98
001.230000 19.98
001.240000 29.98
001.250000 29.98
001.260000 29.97
001.270000 19.98
001.280000 29.98
001.290000 29.98
001.300000 29.97
001.310000 29.98
001.320000 19.98
001.330000 29.96
001.340000 29.97
001.350000 29.97
001.360000 29.97
001.370000 19.98
001.380000 29.98
001.390000 29.98
001.400000 29.98
001.410000 19.98
001.420000 29.98
001.430000 29.97
001.440000 29.98
001.450000 29.97
001.460000 29.97
001.470000 29.97
001.480000 19.98
001.490000 29.97
001.500000 19.98
001.510000 29.97
001.520000 29.98
001.530000 39.97
001.540000 19.98
001.550000 19.98
001.560000 39.97
001.570000 19.98
001.580000 29.97
001.590000 29.97
001.600000 29.97
001.610000 29.98
001.620000 29.98
001.630000 19.98
001.640000 29.98
001.650000 39.97
001.660000 19.98
001.670000 19.99
001.680000 29.98
001.690000 29.98
001.700000 29.98
001.710000 29.97
001.720000 19.98
001.730000 29.97
001.740000 29.98
001.750000 29.98
001.760000 29.98
001.770000 19.98
001.780000 29.98
001.790000 29.98
001.800000 29.97
001.810000 19.98
001.820000 29.98
001.830000 29.98
001.840000 29.98
001.850000 29.98
001.860000 19.98
001.870000 39.97
001.880000 19.98
001.890000 39.97
001.900000 29.98
001.910000 19.98
001.920000 19.98
001.930000 29.98
001.940000 29.98
001.950000 39.97
001.960000 19.98
001.970000 29.98
001.980000 19.98
001.990000 29.97
002.000000 29.98
002.010000 29.98
002.020000 29.98
002.030000 29.96
002.040000 19.98
002.050000 29.97
002.060000 29.98
002.070000 19.98
002.080000 29.98
002.090000 39.97
002.100000 19.98
002.110000 29.98
002.120000 19.98
002.130000 29.98
002.140000 29.98
002.150000 29.98
002.160000 29.97
002.170000 29.97
002.180000 29.98
002.190000 29.98
002.200000 19.97
002.210000 29.98
002.220000 29.98
002.230000 19.98
002.240000 29.98
002.250000 29.98
002.260000 29.98
002.270000 29.98
002.280000 29.98
002.290000 29.98
002.300000 29.98
002.310000 19.98
002.320000 29.98
002.330000 19.98
002.340000 29.97
002.350000 29.98
002.360000 29.98
002.370000 29.98
002.380000 29.98
002.390000 29.98
002.400000 29.98
002.410000 19.98
002.420000 29.96
002.430000 19.99
002.440000 29.98
002.450000 29.98
002.460000 29.98
002.470000 19.98
002.480000 29.97
002.490000 29.98
002.500000 29.98
002.510000 29.98
002.520000 19.98
002.530000 29.98
002.540000 29.98
002.550000 29.98
002.560000 29.97
002.570000 29.97
002.580000 29.97
002.590000 29.98
002.600000 19.98
002.610000 29.98
002.620000 29.98
002.630000 19.98
002.640000 29.98
002.650000 39.97
002.660000 19.98
002.670000 29.98
002.680000 29.97
002.690000 29.98
002.700000 19.98
002.710000 29.97
002.720000 19.98
002.730000 29.98
002.740000 29.98
002.750000 29.98
002.760000 19.98
002.770000 29.98
002.780000 29.97
002.790000 29.98
002.800000 29.97
002.810000 19.98
002.820000 0.00
002.830000 0.00
002.840000 0.00
002.850000 0.00
002.860000 0.00
002.870000 0.00
002.880000 0.00
002.890000 0.00
002.900000 0.00
002.910000 0.00
002.920000 0.00
002.930000 0.00
002.940000 0.00
002.950000 0.00
002.960000 0.00
002.970000 0.00
002.980000 0.00
002.990000 0.00
003.000000 0.00
