000.100000 0.00
000.200000 0.00
000.300000 0.00
000.400000 1.54
000.500000 1.90
000.600000 1.91
000.700000 1.91
000.800000 1.91
000.900000 1.91
001.000000 1.91
001.100000 1.91
001.200000 1.91
001.300000 1.91
001.400000 1.90
001.500000 1.91
001.600000 1.91
001.700000 1.92
001.800000 1.91
001.900000 1.88
002.000000 1.90
002.100000 1.90
002.200000 1.91
002.300000 1.91
002.400000 1.91
002.500000 1.91
002.600000 1.91
002.700000 1.91
002.800000 1.91
002.900000 1.91
003.000000 1.90
003.100000 1.91
003.200000 1.91
003.300000 1.89
003.400000 1.91
003.500000 1.92
003.600000 1.91
003.700000 1.92
003.800000 1.91
003.900000 1.91
004.000000 1.91
004.100000 1.90
004.200000 1.91
004.300000 1.91
004.400000 1.91
004.500000 1.91
004.600000 1.91
004.700000 1.91
004.800000 1.90
004.900000 1.91
005.000000 1.88
005.100000 1.91
005.200000 1.90
005.300000 1.90
005.400000 1.92
005.500000 1.91
005.600000 1.91
005.700000 1.91
005.800000 1.91
005.900000 1.91
006.000000 1.91
006.100000 1.91
006.200000 1.91
006.300000 1.92
006.400000 1.91
006.500000 1.91
006.600000 1.18
006.700000 0.00
006.800000 0.00
006.900000 0.00
007.000000 0.00
007.100000 0.00
007.200000 0.00
007.300000 0.00
007.400000 0.00
007.500000 0.00
007.600000 0.00
007.700000 0.00
007.800000 0.00
007.900000 0.00
008.000000 0.00
008.100000 0.00
008.200000 0.00
008.300000 0.00
008.400000 0.00
008.500000 0.00
008.600000 0.00
008.700000 0.00
008.800000 0.00
008.900000 0.00
009.000000 0.00
009.100000 0.00
009.200000 0.00
009.300000 0.00
009.400000 0.00
009.500000 0.00
009.600000 0.00
009.700000 0.00
009.800000 0.00
009.900000 0.00
010.000000 0.00
010.100000 0.00
010.200000 0.00
010.300000 0.00
010.400000 0.00
010.500000 0.00
010.600000 0.00
010.700000 0.00
010.800000 0.00
010.900000 0.00
011.000000 0.00
011.100000 0.00
011.200000 0.00
011.300000 0.00
011.400000 0.00
011.500000 0.00
011.600000 0.00
011.700000 0.00
011.800000 0.00
011.900000 0.00
012.000000 0.00
012.100000 0.00
012.200000 0.00
012.300000 0.00
012.400000 0.00
012.500000 0.00
012.600000 0.00
012.700000 0.00
012.800000 0.00
012.900000 0.00
013.000000 0.00
013.100000 0.00
013.200000 0.00
013.300000 0.00
013.400000 0.00
013.500000 0.00
013.600000 0.00
013.700000 0.00
013.800000 0.00
013.900000 0.00
014.000000 0.00
014.100000 0.00
014.200000 0.00
014.300000 0.00
014.400000 0.00
014.500000 0.00
014.600000 0.00
014.700000 0.00
014.800000 0.00
014.900000 0.00
015.000000 0.00
015.100000 0.00
015.200000 0.00
015.300000 0.00
015.400000 0.00
015.500000 0.00
015.600000 0.00
015.700000 0.00
015.800000 0.00
015.900000 0.00
016.000000 0.00
016.100000 0.00
016.200000 0.00
016.300000 0.00
016.400000 0.00
016.500000 0.00
016.600000 0.00
016.700000 0.00
016.800000 0.00
016.900000 0.00
017.000000 0.00
017.100000 0.00
017.200000 0.00
017.300000 0.00
017.400000 0.00
017.500000 0.00
017.600000 0.00
017.700000 0.00
017.800000 0.00
017.900000 0.00
018.000000 0.00
018.100000 0.00
018.200000 0.00
018.300000 0.00
018.400000 0.00
018.500000 0.00
018.600000 0.00
018.700000 0.00
018.800000 0.00
018.900000 0.00
019.000000 0.00
019.100000 0.00
019.200000 0.00
019.300000 0.00
019.400000 0.00
019.500000 0.00
019.600000 0.00
019.700000 0.00
019.800000 0.00
019.900000 0.00
020.000000 0.00
020.100000 0.00
020.200000 0.00
020.300000 0.00
020.400000 0.00
020.500000 0.00
020.600000 0.00
020.700000 0.00
020.800000 0.00
020.900000 0.00
021.000000 0.00
021.100000 0.00
021.200000 0.00
021.300000 0.00
021.400000 0.00
021.500000 0.00
021.600000 0.00
021.700000 0.00
021.800000 0.00
021.900000 0.00
022.000000 0.00
022.100000 0.00
022.200000 0.00
022.300000 0.00
022.400000 0.00
022.500000 0.00
022.600000 0.00
022.700000 0.00
022.800000 0.00
022.900000 0.00
023.000000 0.00
023.100000 0.00
023.200000 0.00
023.300000 0.00
023.400000 0.00
023.500000 0.00
023.600000 0.00
023.700000 0.00
023.800000 0.00
023.900000 0.00
024.000000 0.00
024.100000 0.00
024.200000 0.00
024.300000 0.00
024.400000 0.00
024.500000 0.00
024.600000 0.00
024.700000 0.00
024.800000 0.00
024.900000 0.00
025.000000 0.00
025.100000 0.00
025.200000 0.00
025.300000 0.00
025.400000 0.00
025.500000 0.00
025.600000 0.00
025.700000 0.00
025.800000 0.00
025.900000 0.00
026.000000 0.00
026.100000 0.00
026.200000 0.00
026.300000 0.00
026.400000 0.00
026.500000 0.00
026.600000 0.00
026.700000 0.00
026.800000 0.00
026.900000 0.00
027.000000 0.00
027.100000 0.00
027.200000 0.00
027.300000 0.00
027.400000 0.00
027.500000 0.00
027.600000 0.00
027.700000 0.00
027.800000 0.00
027.900000 0.00
028.000000 0.00
028.100000 0.00
028.200000 0.00
028.300000 0.00
028.400000 0.00
028.500000 0.00
028.600000 0.00
028.700000 0.00
028.800000 0.00
028.900000 0.00
029.000000 0.00
029.100000 0.00
029.200000 0.00
029.300000 0.00
029.400000 0.00
029.500000 0.00
029.600000 0.00
029.700000 0.00
029.800000 0.00
029.900000 0.00
030.000000 0.00
