000.010000 0.00
000.020000 0.00
000.030000 0.00
000.040000 4.19
000.050000 22.40
000.060000 22.81
000.070000 22.42
000.080000 22.46
000.090000 22.52
000.100000 22.36
000.110000 22.52
000.120000 22.11
000.130000 22.81
000.140000 22.21
000.150000 22.56
000.160000 22.32
000.170000 22.64
000.180000 22.35
000.190000 22.29
000.200000 22.36
000.210000 22.39
000.220000 22.47
000.230000 22.51
000.240000 22.15
000.250000 21.97
000.260000 22.62
000.270000 22.18
000.280000 22.15
000.290000 22.49
000.300000 22.31
000.310000 22.56
000.320000 22.12
000.330000 22.59
000.340000 22.01
000.350000 21.99
000.360000 22.55
000.370000 22.10
000.380000 22.50
000.390000 22.53
000.400000 22.07
000.410000 22.37
000.420000 22.46
000.430000 22.14
000.440000 22.26
000.450000 22.48
000.460000 22.24
000.470000 22.38
000.480000 22.58
000.490000 22.21
000.500000 22.52
000.510000 21.87
000.520000 22.47
000.530000 22.20
000.540000 22.35
000.550000 22.44
000.560000 22.42
000.570000 22.11
000.580000 22.48
000.590000 22.21
000.600000 22.82
000.610000 22.24
000.620000 22.72
000.630000 22.37
000.640000 22.68
000.650000 22.62
000.660000 22.59
000.670000 21.90
000.680000 22.59
000.690000 22.31
000.700000 22.22
000.710000 22.30
000.720000 22.30
000.730000 22.61
000.740000 22.98
000.750000 22.30
000.760000 22.49
000.770000 22.53
000.780000 22.45
000.790000 22.43
000.800000 22.18
000.810000 22.64
000.820000 22.31
000.830000 22.35
000.840000 22.34
000.850000 22.74
000.860000 22.49
000.870000 22.31
000.880000 22.34
000.890000 22.27
000.900000 22.53
000.910000 22.31
000.920000 22.21
000.930000 22.89
000.940000 22.40
000.950000 22.27
000.960000 22.14
000.970000 22.28
000.980000 22.30
000.990000 22.34
001.000000 22.55
001.010000 22.02
001.020000 22.12
001.030000 22.75
001.040000 22.58
001.050000 22.64
001.060000 22.23
001.070000 22.22
001.080000 22.78
001.090000 22.54
001.100000 22.66
001.110000 22.17
001.120000 22.32
001.130000 22.43
001.140000 22.54
001.150000 22.66
001.160000 22.22
001.170000 22.68
001.180000 22.37
001.190000 22.53
001.200000 22.30
001.210000 22.36
001.220000 22.39
001.230000 22.32
001.240000 22.66
001.250000 22.11
001.260000 22.46
001.270000 22.22
001.280000 22.23
001.290000 22.39
001.300000 22.32
001.310000 22.32
001.320000 21.99
001.330000 22.42
001.340000 22.15
001.350000 22.25
001.360000 22.65
001.370000 22.33
001.380000 22.37
001.390000 22.40
001.400000 22.31
001.410000 22.49
001.420000 22.28
001.430000 22.03
001.440000 22.55
001.450000 22.67
001.460000 22.24
001.470000 22.37
001.480000 22.40
001.490000 22.32
001.500000 22.32
001.510000 22.38
001.520000 22.08
001.530000 22.17
001.540000 22.52
001.550000 22.42
001.560000 22.09
001.570000 22.30
001.580000 22.28
001.590000 22.25
001.600000 22.42
001.610000 22.30
001.620000 22.50
001.630000 22.55
001.640000 22.22
001.650000 22.57
001.660000 22.12
001.670000 22.55
001.680000 22.47
001.690000 22.31
001.700000 22.65
001.710000 21.89
001.720000 22.49
001.730000 22.16
001.740000 22.39
001.750000 22.19
001.760000 22.32
001.770000 22.54
001.780000 22.47
001.790000 22.29
001.800000 22.62
001.810000 22.63
001.820000 22.71
001.830000 22.18
001.840000 22.65
001.850000 21.90
001.860000 22.12
001.870000 22.31
001.880000 22.21
001.890000 22.29
001.900000 22.47
001.910000 22.47
001.920000 22.57
001.930000 22.42
001.940000 22.25
001.950000 22.27
001.960000 22.34
001.970000 22.57
001.980000 22.21
001.990000 21.93
002.000000 22.35
002.010000 22.27
002.020000 22.28
002.030000 22.35
002.040000 22.19
002.050000 22.08
002.060000 22.54
002.070000 22.43
002.080000 22.47
002.090000 22.30
002.100000 22.39
002.110000 22.16
002.120000 22.25
002.130000 22.25
002.140000 22.59
002.150000 22.27
002.160000 22.57
002.170000 22.54
002.180000 22.32
002.190000 22.13
002.200000 22.45
002.210000 22.61
002.220000 22.77
002.230000 22.41
002.240000 22.63
002.250000 22.35
002.260000 22.71
002.270000 22.23
002.280000 22.04
002.290000 22.62
002.300000 22.51
002.310000 22.79
002.320000 22.29
002.330000 22.14
002.340000 22.35
002.350000 22.30
002.360000 22.28
002.370000 22.44
002.380000 22.23
002.390000 22.61
002.400000 22.25
002.410000 22.51
002.420000 22.41
002.430000 22.51
002.440000 22.63
002.450000 22.71
002.460000 22.27
002.470000 22.46
002.480000 22.32
002.490000 22.43
002.500000 22.71
002.510000 22.32
002.520000 21.96
002.530000 22.44
002.540000 22.53
002.550000 22.09
002.560000 22.53
002.570000 22.52
002.580000 22.48
002.590000 22.81
002.600000 22.26
002.610000 22.48
002.620000 22.83
002.630000 22.13
002.640000 22.58
002.650000 22.34
002.660000 22.42
002.670000 22.38
002.680000 22.46
002.690000 22.42
002.700000 22.50
002.710000 22.26
002.720000 22.39
002.730000 22.57
002.740000 22.52
002.750000 22.36
002.760000 22.16
002.770000 22.33
002.780000 22.49
002.790000 22.42
002.800000 22.53
002.810000 19.11
002.820000 0.00
002.830000 0.00
002.840000 0.00
002.850000 0.00
002.860000 0.00
002.870000 0.00
002.880000 0.00
002.890000 0.00
002.900000 0.00
002.910000 0.00
002.920000 0.00
002.930000 0.00
002.940000 0.00
002.950000 0.00
002.960000 0.00
002.970000 0.00
002.980000 0.00
002.990000 0.00
003.000000 0.00
