000.010000 0.00
000.020000 0.00
000.030000 0.00
000.040000 0.00
000.050000 0.00
000.060000 0.00
000.070000 0.00
000.080000 0.00
000.090000 0.00
000.100000 0.00
000.110000 0.00
000.120000 0.00
000.130000 0.00
000.140000 0.00
000.150000 0.00
000.160000 0.00
000.170000 0.00
000.180000 0.00
000.190000 0.00
000.200000 0.00
000.210000 0.00
000.220000 0.00
000.230000 0.00
000.240000 0.00
000.250000 0.00
000.260000 0.00
000.270000 0.00
000.280000 0.00
000.290000 0.00
000.300000 0.00
000.310000 0.00
000.320000 61.98
000.330000 150.70
000.340000 146.04
000.350000 60.95
000.360000 114.90
000.370000 114.91
000.380000 103.51
000.390000 57.42
000.400000 118.56
000.410000 107.47
000.420000 107.75
000.430000 71.82
000.440000 89.84
000.450000 107.82
000.460000 107.69
000.470000 107.62
000.480000 106.05
000.490000 56.30
000.500000 105.39
000.510000 107.81
000.520000 107.65
000.530000 107.76
000.540000 90.84
000.550000 70.65
000.560000 107.82
000.570000 107.65
000.580000 107.66
000.590000 107.43
000.600000 65.79
000.610000 95.77
000.620000 107.62
000.630000 107.71
000.640000 107.75
000.650000 100.50
000.660000 61.09
000.670000 107.80
000.680000 107.81
000.690000 107.71
000.700000 107.76
000.710000 74.21
000.720000 87.43
000.730000 107.81
000.740000 107.67
000.750000 107.47
000.760000 106.92
000.770000 56.28
000.780000 105.39
000.790000 107.81
000.800000 107.72
000.810000 107.66
000.820000 90.95
000.830000 70.68
000.840000 107.77
000.850000 107.68
000.860000 107.74
000.870000 107.37
000.880000 64.62
000.890000 97.03
000.900000 107.80
000.910000 107.69
000.920000 107.75
000.930000 100.41
000.940000 61.09
000.950000 107.82
000.960000 107.81
000.970000 107.67
000.980000 107.77
000.990000 71.82
001.000000 89.78
001.010000 107.80
001.020000 107.68
001.030000 107.34
001.040000 106.59
001.050000 56.29
001.060000 105.40
001.070000 107.58
001.080000 107.74
001.090000 107.74
001.100000 93.31
001.110000 68.27
001.120000 107.80
001.130000 107.69
001.140000 107.69
001.150000 107.53
001.160000 65.85
001.170000 95.80
001.180000 107.75
001.190000 107.67
001.200000 107.75
001.210000 102.85
001.220000 58.68
001.230000 107.83
001.240000 107.81
001.250000 107.70
001.260000 107.69
001.270000 74.19
001.280000 87.43
001.290000 107.83
001.300000 107.66
001.310000 107.45
001.320000 106.56
001.330000 56.12
001.340000 112.58
001.350000 107.75
001.360000 107.44
001.370000 106.71
001.380000 55.93
001.390000 112.61
001.400000 107.72
001.410000 107.42
001.420000 106.72
001.430000 56.30
001.440000 112.59
001.450000 111.32
001.460000 107.71
001.470000 82.59
001.480000 79.00
001.490000 107.81
001.500000 107.62
001.510000 107.74
001.520000 107.76
001.530000 56.09
001.540000 112.58
001.550000 114.93
001.560000 107.41
001.570000 64.64
001.580000 97.03
001.590000 107.82
001.600000 107.63
001.610000 107.76
001.620000 100.48
001.630000 61.09
001.640000 107.81
001.650000 107.81
001.660000 107.70
001.670000 107.74
001.680000 73.01
001.690000 88.58
001.700000 107.79
001.710000 107.69
001.720000 107.30
001.730000 104.07
001.740000 61.08
001.750000 106.52
001.760000 108.82
001.770000 107.76
001.780000 107.79
001.790000 60.97
001.800000 100.61
001.810000 107.82
001.820000 107.69
001.830000 82.59
001.840000 107.79
001.850000 107.56
001.860000 107.76
001.870000 71.83
001.880000 89.75
001.890000 107.80
001.900000 107.71
001.910000 107.75
001.920000 101.73
001.930000 63.48
001.940000 107.82
001.950000 107.74
001.960000 107.75
001.970000 107.74
001.980000 56.25
001.990000 105.40
002.000000 107.83
002.010000 107.14
002.020000 107.75
002.030000 93.29
002.040000 68.26
002.050000 107.81
002.060000 107.66
002.070000 107.75
002.080000 107.76
002.090000 71.67
002.100000 89.79
002.110000 107.83
002.120000 107.56
002.130000 107.74
002.140000 102.62
002.150000 62.28
002.160000 107.83
002.170000 107.74
002.180000 107.70
002.190000 107.72
002.200000 58.61
002.210000 103.01
002.220000 107.79
002.230000 107.68
002.240000 107.72
002.250000 95.68
002.260000 65.85
002.270000 107.82
002.280000 107.69
002.290000 107.72
002.300000 107.71
002.310000 69.42
002.320000 92.16
002.330000 107.82
002.340000 107.70
002.350000 107.72
002.360000 99.37
002.370000 65.86
002.380000 107.80
002.390000 107.32
002.400000 107.72
002.410000 107.70
002.420000 56.27
002.430000 105.43
002.440000 107.83
002.450000 107.66
002.460000 107.72
002.470000 95.71
002.480000 65.87
002.490000 107.61
002.500000 107.64
002.510000 107.71
002.520000 107.74
002.530000 69.38
002.540000 92.20
002.550000 107.79
002.560000 107.60
002.570000 107.74
002.580000 99.39
002.590000 65.86
002.600000 107.81
002.610000 107.33
002.620000 107.72
002.630000 107.76
002.640000 56.28
002.650000 105.39
002.660000 107.80
002.670000 107.69
002.680000 107.74
002.690000 93.28
002.700000 68.27
002.710000 107.83
002.720000 107.60
002.730000 107.74
002.740000 107.56
002.750000 67.02
002.760000 94.59
002.770000 107.78
002.780000 107.71
002.790000 107.71
002.800000 100.50
002.810000 61.08
002.820000 107.81
002.830000 107.82
002.840000 107.71
002.850000 107.71
002.860000 75.36
002.870000 86.25
002.880000 107.83
002.890000 107.67
002.900000 107.45
002.910000 104.12
002.920000 61.07
002.930000 107.64
002.940000 107.70
002.950000 107.75
002.960000 107.43
002.970000 63.45
002.980000 98.21
002.990000 107.78
003.000000 107.69
003.010000 107.74
003.020000 100.47
003.030000 61.09
003.040000 107.81
003.050000 107.82
003.060000 107.68
003.070000 107.77
003.080000 71.82
003.090000 89.80
003.100000 107.80
003.110000 107.63
003.120000 107.74
003.130000 101.74
003.140000 63.47
003.150000 107.82
003.160000 107.72
003.170000 107.74
003.180000 107.74
003.190000 56.27
003.200000 105.39
003.210000 107.82
003.220000 107.32
003.230000 107.67
003.240000 93.33
003.250000 68.26
003.260000 107.81
003.270000 107.68
003.280000 107.77
003.290000 107.75
003.300000 68.24
003.310000 93.43
003.320000 107.82
003.330000 107.69
003.340000 111.25
003.350000 80.18
003.360000 81.46
003.370000 107.80
003.380000 107.67
003.390000 107.71
003.400000 107.70
003.410000 57.29
003.420000 111.39
003.430000 114.91
003.440000 99.31
003.450000 73.06
003.460000 114.88
003.470000 114.50
003.480000 57.45
003.490000 107.81
003.500000 107.56
003.510000 107.67
003.520000 107.66
003.530000 78.98
003.540000 82.65
003.550000 107.81
003.560000 107.68
003.570000 107.76
003.580000 105.35
003.590000 59.88
003.600000 107.72
003.610000 107.74
003.620000 107.69
003.630000 107.53
003.640000 65.84
003.650000 95.81
003.660000 107.77
003.670000 107.71
003.680000 107.75
003.690000 101.61
003.700000 59.89
003.710000 107.81
003.720000 107.76
003.730000 107.68
003.740000 107.75
003.750000 74.19
003.760000 87.43
003.770000 107.82
003.780000 107.68
003.790000 107.35
003.800000 102.98
003.810000 62.28
003.820000 96.89
003.830000 114.99
003.840000 107.64
003.850000 107.72
003.860000 86.15
003.870000 75.47
003.880000 107.82
003.890000 107.68
003.900000 107.75
003.910000 107.70
003.920000 57.45
003.930000 104.22
003.940000 107.81
003.950000 106.19
003.960000 108.93
003.970000 94.40
003.980000 67.07
003.990000 107.80
004.000000 107.67
004.010000 107.66
004.020000 107.72
004.030000 69.42
004.040000 92.25
004.050000 107.82
004.060000 107.67
004.070000 107.60
004.080000 99.34
004.090000 65.88
004.100000 107.81
004.110000 107.45
004.120000 107.72
004.130000 107.63
004.140000 56.12
004.150000 112.60
004.160000 114.92
004.170000 98.09
004.180000 74.26
004.190000 114.86
004.200000 114.93
004.210000 57.48
004.220000 111.35
004.230000 107.69
004.240000 107.77
004.250000 104.15
004.260000 61.06
004.270000 107.72
004.280000 107.72
004.290000 107.72
004.300000 107.28
004.310000 64.63
004.320000 97.02
004.330000 107.76
004.340000 107.68
004.350000 107.71
004.360000 98.81
004.370000 65.87
004.380000 107.81
004.390000 107.42
004.400000 107.75
004.410000 107.70
004.420000 56.11
004.430000 112.59
004.440000 114.95
004.450000 94.67
004.460000 77.86
004.470000 114.90
004.480000 114.93
004.490000 57.49
004.500000 111.39
004.510000 107.74
004.520000 107.53
004.530000 102.98
004.540000 62.28
004.550000 107.61
004.560000 107.72
004.570000 107.74
004.580000 107.13
004.590000 65.84
004.600000 95.82
004.610000 107.79
004.620000 107.68
004.630000 107.67
004.640000 102.84
004.650000 58.69
004.660000 107.79
004.670000 107.80
004.680000 107.69
004.690000 107.67
004.700000 70.62
004.710000 91.04
004.720000 107.80
004.730000 107.66
004.740000 107.44
004.750000 104.10
004.760000 61.09
004.770000 107.62
004.780000 107.72
004.790000 107.71
004.800000 107.37
004.810000 64.65
004.820000 97.02
004.830000 107.81
004.840000 107.70
004.850000 107.72
004.860000 100.48
004.870000 61.08
004.880000 107.83
004.890000 107.79
004.900000 107.65
004.910000 107.75
004.920000 73.00
004.930000 88.60
004.940000 107.84
004.950000 107.69
004.960000 107.74
004.970000 101.74
004.980000 63.44
004.990000 107.80
005.000000 107.74
005.010000 107.74
005.020000 107.75
005.030000 59.85
005.040000 101.81
005.050000 107.81
005.060000 107.62
005.070000 107.76
005.080000 96.89
005.090000 64.64
005.100000 107.81
005.110000 107.61
005.120000 107.43
005.130000 107.76
005.140000 70.62
005.150000 91.05
005.160000 107.80
005.170000 107.69
005.180000 106.92
005.190000 102.94
005.200000 62.25
005.210000 107.63
005.220000 107.75
005.230000 107.74
005.240000 107.76
005.250000 61.06
005.260000 100.60
005.270000 107.81
005.280000 107.66
005.290000 107.70
005.300000 74.12
005.310000 91.03
005.320000 107.83
005.330000 107.71
005.340000 107.46
005.350000 104.04
005.360000 61.07
005.370000 107.62
005.380000 107.72
005.390000 107.74
005.400000 107.44
005.410000 63.43
005.420000 98.23
005.430000 107.77
005.440000 107.61
005.450000 107.76
005.460000 100.49
005.470000 61.09
005.480000 107.81
005.490000 107.82
005.500000 107.67
005.510000 107.76
005.520000 71.70
005.530000 89.80
005.540000 107.79
005.550000 107.69
005.560000 107.38
005.570000 102.93
005.580000 62.28
005.590000 107.71
005.600000 107.70
005.610000 107.76
005.620000 107.74
005.630000 61.01
005.640000 100.61
005.650000 107.81
005.660000 107.67
005.670000 107.72
005.680000 93.33
005.690000 68.27
005.700000 107.81
005.710000 107.69
005.720000 107.44
005.730000 107.76
005.740000 71.81
005.750000 89.85
005.760000 107.83
005.770000 107.61
005.780000 107.72
005.790000 100.57
005.800000 64.68
005.810000 103.99
005.820000 100.54
005.830000 107.70
005.840000 107.75
005.850000 107.49
005.860000 65.84
005.870000 95.82
005.880000 107.76
005.890000 107.69
005.900000 107.70
005.910000 98.58
005.920000 65.88
005.930000 107.75
005.940000 107.60
005.950000 107.75
005.960000 107.72
005.970000 56.26
005.980000 105.40
005.990000 107.83
006.000000 107.67
006.010000 107.74
006.020000 93.35
006.030000 68.29
006.040000 107.81
006.050000 107.70
006.060000 107.61
006.070000 107.68
006.080000 65.84
006.090000 95.82
006.100000 107.75
006.110000 107.64
006.120000 107.72
006.130000 98.88
006.140000 65.88
006.150000 107.80
006.160000 106.21
006.170000 108.92
006.180000 107.77
006.190000 56.29
006.200000 112.25
006.210000 114.87
006.220000 94.54
006.230000 77.86
006.240000 114.88
006.250000 114.92
006.260000 57.48
006.270000 107.79
006.280000 107.75
006.290000 107.61
006.300000 107.71
006.310000 57.49
006.320000 114.82
006.330000 114.94
006.340000 90.97
006.350000 81.46
006.360000 114.85
006.370000 114.98
006.380000 57.49
006.390000 111.40
006.400000 107.72
006.410000 107.64
006.420000 99.19
006.430000 65.86
006.440000 107.82
006.450000 107.47
006.460000 107.72
006.470000 107.71
006.480000 56.11
006.490000 112.61
006.500000 114.96
006.510000 96.90
006.520000 75.47
006.530000 114.90
006.540000 114.88
006.550000 57.49
006.560000 111.40
006.570000 107.72
006.580000 107.77
006.590000 104.04
006.600000 61.07
006.610000 107.71
006.620000 107.59
006.630000 107.71
006.640000 107.11
006.650000 68.18
006.660000 93.37
006.670000 107.81
006.680000 107.70
006.690000 107.69
006.700000 102.87
006.710000 58.70
006.720000 107.81
006.730000 107.79
006.740000 107.71
006.750000 107.77
006.760000 75.36
006.770000 86.25
006.780000 107.83
006.790000 107.63
006.800000 107.70
006.810000 104.12
006.820000 61.08
006.830000 107.63
006.840000 107.59
006.850000 107.71
006.860000 107.56
006.870000 64.65
006.880000 97.02
006.890000 107.71
006.900000 107.69
006.910000 107.75
006.920000 102.86
006.930000 58.69
006.940000 107.81
006.950000 107.83
006.960000 107.71
006.970000 107.77
006.980000 73.01
006.990000 88.61
007.000000 107.81
007.010000 107.71
007.020000 107.41
007.030000 102.96
007.040000 62.28
007.050000 107.81
007.060000 107.72
007.070000 107.72
007.080000 107.75
007.090000 58.61
007.100000 103.01
007.110000 107.81
007.120000 107.63
007.130000 107.74
007.140000 94.57
007.150000 67.07
007.160000 107.82
007.170000 107.69
007.180000 107.76
007.190000 107.76
007.200000 68.23
007.210000 93.43
007.220000 107.82
007.230000 107.66
007.240000 107.74
007.250000 99.13
007.260000 65.86
007.270000 107.81
007.280000 107.43
007.290000 107.71
007.300000 107.67
007.310000 56.13
007.320000 112.59
007.330000 118.51
007.340000 77.79
007.350000 94.56
007.360000 114.78
007.370000 107.78
007.380000 68.27
007.390000 111.33
007.400000 107.63
007.410000 107.74
007.420000 67.04
007.430000 94.61
007.440000 107.82
007.450000 107.69
007.460000 107.74
007.470000 99.05
007.480000 65.88
007.490000 107.84
007.500000 107.41
007.510000 101.77
007.520000 81.44
007.530000 111.01
007.540000 111.25
007.550000 75.38
007.560000 96.90
007.570000 107.68
007.580000 107.70
007.590000 106.40
007.600000 58.70
007.610000 107.81
007.620000 107.78
007.630000 107.68
007.640000 107.74
007.650000 75.33
007.660000 86.24
007.670000 107.79
007.680000 107.69
007.690000 107.53
007.700000 104.03
007.710000 61.07
007.720000 107.68
007.730000 107.71
007.740000 107.72
007.750000 107.41
007.760000 64.60
007.770000 97.02
007.780000 107.79
007.790000 107.68
007.800000 114.86
007.810000 55.12
007.820000 113.79
007.830000 114.92
007.840000 93.32
007.850000 75.47
007.860000 107.82
007.870000 107.96
007.880000 107.32
007.890000 102.99
007.900000 62.27
007.910000 107.71
007.920000 107.63
007.930000 107.71
007.940000 107.25
007.950000 64.63
007.960000 96.96
007.970000 107.83
007.980000 107.67
007.990000 107.71
008.000000 101.64
008.010000 59.88
008.020000 107.81
008.030000 107.83
008.040000 107.69
008.050000 107.66
008.060000 72.95
008.070000 88.65
008.080000 107.80
008.090000 107.69
008.100000 107.43
008.110000 102.95
008.120000 62.27
008.130000 107.80
008.140000 107.65
008.150000 107.71
008.160000 107.76
008.170000 59.86
008.180000 101.80
008.190000 107.80
008.200000 107.68
008.210000 107.74
008.220000 96.87
008.230000 64.65
008.240000 107.84
008.250000 107.68
008.260000 107.28
008.270000 107.72
008.280000 71.81
008.290000 89.81
008.300000 107.82
008.310000 111.26
008.320000 107.64
008.330000 86.16
008.340000 75.47
008.350000 107.60
008.360000 107.67
008.370000 107.72
008.380000 107.66
008.390000 57.44
008.400000 104.21
008.410000 107.83
008.420000 107.43
008.430000 107.76
008.440000 96.89
008.450000 64.67
008.460000 107.82
008.470000 107.68
008.480000 107.71
008.490000 107.75
008.500000 71.81
008.510000 89.82
008.520000 107.80
008.530000 107.68
008.540000 107.63
008.550000 101.74
008.560000 63.46
008.570000 107.80
008.580000 107.69
008.590000 107.72
008.600000 107.64
008.610000 56.26
008.620000 105.41
008.630000 107.83
008.640000 107.39
008.650000 107.72
008.660000 94.50
008.670000 67.07
008.680000 107.82
008.690000 107.68
008.700000 107.72
008.710000 107.72
008.720000 68.23
008.730000 93.42
008.740000 107.82
008.750000 107.63
008.760000 107.74
008.770000 99.09
008.780000 65.87
008.790000 107.83
008.800000 107.43
008.810000 107.72
008.820000 107.65
008.830000 56.11
008.840000 112.58
008.850000 114.93
008.860000 96.92
008.870000 75.47
008.880000 114.83
008.890000 114.95
008.900000 57.49
008.910000 111.38
008.920000 107.76
008.930000 107.74
008.940000 104.14
008.950000 61.07
008.960000 107.64
008.970000 107.64
008.980000 107.72
008.990000 107.42
009.000000 64.65
009.010000 97.01
009.020000 107.82
009.030000 107.67
009.040000 107.75
009.050000 100.47
009.060000 61.09
009.070000 107.82
009.080000 107.81
009.090000 107.66
009.100000 107.77
009.110000 71.82
009.120000 89.79
009.130000 107.81
009.140000 107.71
009.150000 107.33
009.160000 101.83
009.170000 63.44
009.180000 107.75
009.190000 107.71
009.200000 107.58
009.210000 107.72
009.220000 61.04
009.230000 100.61
009.240000 107.82
009.250000 107.58
009.260000 107.69
009.270000 98.04
009.280000 63.48
009.290000 107.81
009.300000 107.61
009.310000 107.47
009.320000 107.72
009.330000 70.52
009.340000 91.00
009.350000 107.82
009.360000 107.71
009.370000 107.41
009.380000 102.95
009.390000 62.28
009.400000 107.82
009.410000 107.65
009.420000 107.70
009.430000 107.75
009.440000 59.88
009.450000 101.82
009.460000 107.79
009.470000 107.60
009.480000 107.74
009.490000 96.88
009.500000 64.66
009.510000 107.81
009.520000 107.79
009.530000 107.70
009.540000 107.74
009.550000 69.42
009.560000 92.22
009.570000 107.80
009.580000 107.50
009.590000 107.71
009.600000 104.11
009.610000 57.50
009.620000 107.81
009.630000 107.74
009.640000 107.72
009.650000 107.75
009.660000 77.81
009.670000 83.84
009.680000 107.81
009.690000 107.67
009.700000 107.74
009.710000 104.12
009.720000 61.07
009.730000 107.75
009.740000 107.72
009.750000 107.74
009.760000 107.33
009.770000 65.85
009.780000 95.83
009.790000 125.29
009.800000 104.08
009.810000 61.07
009.820000 107.62
009.830000 107.64
009.840000 107.74
009.850000 107.32
009.860000 65.83
009.870000 95.81
009.880000 107.77
009.890000 107.71
009.900000 107.74
009.910000 98.73
009.920000 65.86
009.930000 107.82
009.940000 107.34
009.950000 107.76
009.960000 107.72
009.970000 56.12
009.980000 112.60
009.990000 114.87
010.000000 96.94
010.010000 75.47
010.020000 114.86
010.030000 114.48
010.040000 57.49
010.050000 111.39
010.060000 107.75
010.070000 107.74
010.080000 105.39
010.090000 59.89
010.100000 107.81
010.110000 107.72
010.120000 107.74
010.130000 107.47
010.140000 64.65
010.150000 97.02
010.160000 107.78
010.170000 107.68
010.180000 107.76
010.190000 101.68
010.200000 59.88
010.210000 107.81
010.220000 107.83
010.230000 107.63
010.240000 107.78
010.250000 75.41
010.260000 86.27
010.270000 107.81
010.280000 107.67
010.290000 107.52
010.300000 104.14
010.310000 82.45
010.320000 107.60
010.330000 102.96
010.340000 62.25
010.350000 107.62
010.360000 107.75
010.370000 107.71
010.380000 107.39
010.390000 64.64
010.400000 97.04
010.410000 107.83
010.420000 107.68
010.430000 107.72
010.440000 100.41
010.450000 61.08
010.460000 107.80
010.470000 107.82
010.480000 107.66
010.490000 107.72
010.500000 72.95
010.510000 88.64
010.520000 107.64
010.530000 107.69
010.540000 107.10
010.550000 105.33
010.560000 59.87
010.570000 107.79
010.580000 107.74
010.590000 107.71
010.600000 107.33
010.610000 64.64
010.620000 97.02
010.630000 107.80
010.640000 107.70
010.650000 107.74
010.660000 100.43
010.670000 61.09
010.680000 107.84
010.690000 107.81
010.700000 107.71
010.710000 107.75
010.720000 72.98
010.730000 88.58
010.740000 107.82
010.750000 107.72
010.760000 107.76
010.770000 101.82
010.780000 63.48
010.790000 107.76
010.800000 107.72
010.810000 107.77
010.820000 107.74
010.830000 56.26
010.840000 105.40
010.850000 107.82
010.860000 107.38
010.870000 107.67
010.880000 96.75
010.890000 64.65
010.900000 107.81
010.910000 107.63
010.920000 107.21
010.930000 107.72
010.940000 71.82
010.950000 89.80
010.960000 107.81
010.970000 107.71
010.980000 107.71
010.990000 100.60
011.000000 64.67
011.010000 107.79
011.020000 107.70
011.030000 107.71
011.040000 107.69
011.050000 56.25
011.060000 105.41
011.070000 107.81
011.080000 107.37
011.090000 107.74
011.100000 95.70
011.110000 65.88
011.120000 107.81
011.130000 107.66
011.140000 107.60
011.150000 107.75
011.160000 69.42
011.170000 92.23
011.180000 107.83
011.190000 107.67
011.200000 107.72
011.210000 99.18
011.220000 65.83
011.230000 107.80
011.240000 107.42
011.250000 107.74
011.260000 100.44
011.270000 64.65
011.280000 107.83
011.290000 107.69
011.300000 107.41
011.310000 107.74
011.320000 71.83
011.330000 89.83
011.340000 107.81
011.350000 107.70
011.360000 107.72
011.370000 100.57
011.380000 64.68
011.390000 107.80
011.400000 107.55
011.410000 107.75
011.420000 107.72
011.430000 56.13
011.440000 112.62
011.450000 114.93
011.460000 96.94
011.470000 75.47
011.480000 114.86
011.490000 114.92
011.500000 57.50
011.510000 111.40
011.520000 107.49
011.530000 107.74
011.540000 102.97
011.550000 62.28
011.560000 107.70
011.570000 107.74
011.580000 107.75
011.590000 107.33
011.600000 64.63
011.610000 97.01
011.620000 107.79
011.630000 107.69
011.640000 107.60
011.650000 102.88
011.660000 58.69
011.670000 107.80
011.680000 107.80
011.690000 107.71
011.700000 107.75
011.710000 74.22
011.720000 87.41
011.730000 107.81
011.740000 107.68
011.750000 107.38
011.760000 104.10
011.770000 61.02
011.780000 118.08
011.790000 107.75
011.800000 107.75
011.810000 56.26
011.820000 105.43
011.830000 107.81
011.840000 107.68
011.850000 107.76
011.860000 93.20
011.870000 68.27
011.880000 107.81
011.890000 107.71
011.900000 107.71
011.910000 107.54
011.920000 65.84
011.930000 95.79
011.940000 107.74
011.950000 107.70
011.960000 107.74
011.970000 99.06
011.980000 65.83
011.990000 107.79
012.000000 106.69
012.010000 107.75
012.020000 107.76
012.030000 58.65
012.040000 102.99
012.050000 107.80
012.060000 107.59
012.070000 107.74
012.080000 95.69
012.090000 65.84
012.100000 107.80
012.110000 107.68
012.120000 107.16
012.130000 107.67
012.140000 73.01
012.150000 88.58
012.160000 107.83
012.170000 107.67
012.180000 107.43
012.190000 102.94
012.200000 62.27
012.210000 107.81
012.220000 107.74
012.230000 107.65
012.240000 107.76
012.250000 59.83
012.260000 101.81
012.270000 107.77
012.280000 107.67
012.290000 107.74
012.300000 96.89
012.310000 79.03
012.320000 107.67
012.330000 107.74
012.340000 102.86
012.350000 58.69
012.360000 107.81
012.370000 107.81
012.380000 107.69
012.390000 107.69
012.400000 74.22
012.410000 87.43
012.420000 107.80
012.430000 107.68
012.440000 107.65
012.450000 68.23
012.460000 103.70
012.470000 110.95
012.480000 114.43
012.490000 61.10
012.500000 100.68
012.510000 80.29
012.520000 0.00
012.530000 0.00
012.540000 0.00
012.550000 0.00
012.560000 0.00
012.570000 0.00
012.580000 0.00
012.590000 0.00
012.600000 0.00
012.610000 0.00
012.620000 0.00
012.630000 0.00
012.640000 0.00
012.650000 0.00
012.660000 0.00
012.670000 0.00
012.680000 0.00
012.690000 0.00
012.700000 0.00
012.710000 0.00
012.720000 0.00
012.730000 0.00
012.740000 0.00
012.750000 0.00
012.760000 0.00
012.770000 0.00
012.780000 0.00
012.790000 0.00
012.800000 0.00
012.810000 0.00
012.820000 0.00
012.830000 0.00
012.840000 0.00
012.850000 0.00
012.860000 0.00
012.870000 0.00
012.880000 0.00
012.890000 0.00
012.900000 0.00
012.910000 0.00
012.920000 0.00
012.930000 0.00
012.940000 0.00
012.950000 0.00
012.960000 0.00
012.970000 0.00
012.980000 0.00
012.990000 0.00
013.000000 0.00
013.010000 0.00
013.020000 0.00
013.030000 0.00
013.040000 0.00
013.050000 0.00
013.060000 0.00
013.070000 0.00
013.080000 0.00
013.090000 0.00
013.100000 0.00
013.110000 0.00
013.120000 0.00
013.130000 0.00
013.140000 0.00
013.150000 0.00
013.160000 0.00
013.170000 0.00
013.180000 0.00
013.190000 0.00
013.200000 0.00
013.210000 0.00
013.220000 0.00
013.230000 0.00
013.240000 0.00
013.250000 0.00
013.260000 0.00
013.270000 0.00
013.280000 0.00
013.290000 0.00
013.300000 0.00
013.310000 0.00
013.320000 0.00
013.330000 0.00
013.340000 0.00
013.350000 0.00
013.360000 0.00
013.370000 0.00
013.380000 0.00
013.390000 0.00
013.400000 0.00
013.410000 0.00
013.420000 0.00
013.430000 0.00
013.440000 0.00
013.450000 0.00
013.460000 0.00
013.470000 0.00
013.480000 0.00
013.490000 0.00
013.500000 0.00
013.510000 0.00
013.520000 0.00
013.530000 0.00
013.540000 0.00
013.550000 0.00
013.560000 0.00
013.570000 0.00
013.580000 0.00
013.590000 0.00
013.600000 0.00
013.610000 0.00
013.620000 0.00
013.630000 0.00
013.640000 0.00
013.650000 0.00
013.660000 0.00
013.670000 0.00
013.680000 0.00
013.690000 0.00
013.700000 0.00
013.710000 0.00
013.720000 0.00
013.730000 0.00
013.740000 0.00
013.750000 0.00
013.760000 0.00
013.770000 0.00
013.780000 0.00
013.790000 0.00
013.800000 0.00
013.810000 0.00
013.820000 0.00
013.830000 0.00
013.840000 0.00
013.850000 0.00
013.860000 0.00
013.870000 0.00
013.880000 0.00
013.890000 0.00
013.900000 0.00
013.910000 0.00
013.920000 0.00
013.930000 0.00
013.940000 0.00
013.950000 0.00
013.960000 0.00
013.970000 0.00
013.980000 0.00
013.990000 0.00
014.000000 0.00
014.010000 0.00
014.020000 0.00
014.030000 0.00
014.040000 0.00
014.050000 0.00
014.060000 0.00
014.070000 0.00
014.080000 0.00
014.090000 0.00
014.100000 0.00
014.110000 0.00
014.120000 0.00
014.130000 0.00
014.140000 0.00
014.150000 0.00
014.160000 0.00
014.170000 0.00
014.180000 0.00
014.190000 0.00
014.200000 0.00
014.210000 0.00
014.220000 0.00
014.230000 0.00
014.240000 0.00
014.250000 0.00
014.260000 0.00
014.270000 0.00
014.280000 0.00
014.290000 0.00
014.300000 0.00
014.310000 0.00
014.320000 0.00
014.330000 0.00
014.340000 0.00
014.350000 0.00
014.360000 0.00
014.370000 0.00
014.380000 0.00
014.390000 0.00
014.400000 0.00
014.410000 0.00
014.420000 0.00
014.430000 0.00
014.440000 0.00
014.450000 0.00
014.460000 0.00
014.470000 0.00
014.480000 0.00
014.490000 0.00
014.500000 0.00
014.510000 0.00
014.520000 0.00
014.530000 0.00
014.540000 0.00
014.550000 0.00
014.560000 0.00
014.570000 0.00
014.580000 0.00
014.590000 0.00
014.600000 0.00
014.610000 0.00
014.620000 0.00
014.630000 0.00
014.640000 0.00
014.650000 0.00
014.660000 0.00
014.670000 0.00
014.680000 0.00
014.690000 0.00
014.700000 0.00
014.710000 0.00
014.720000 0.00
014.730000 0.00
014.740000 0.00
014.750000 0.00
014.760000 0.00
014.770000 0.00
014.780000 0.00
014.790000 0.00
014.800000 0.00
014.810000 0.00
014.820000 0.00
014.830000 0.00
014.840000 0.00
014.850000 0.00
014.860000 0.00
014.870000 0.00
014.880000 0.00
014.890000 0.00
014.900000 0.00
014.910000 0.00
014.920000 0.00
014.930000 0.00
014.940000 0.00
014.950000 0.00
014.960000 0.00
014.970000 0.00
014.980000 0.00
014.990000 0.00
015.000000 0.00
015.010000 0.00
015.020000 0.00
015.030000 0.00
015.040000 0.00
015.050000 0.00
015.060000 0.00
015.070000 0.00
015.080000 0.00
015.090000 0.00
015.100000 0.00
015.110000 0.00
015.120000 0.00
015.130000 0.00
015.140000 0.00
015.150000 0.00
015.160000 0.00
015.170000 0.00
015.180000 0.00
015.190000 0.00
015.200000 0.00
015.210000 0.00
015.220000 0.00
015.230000 0.00
015.240000 0.00
015.250000 0.00
015.260000 0.00
015.270000 0.00
015.280000 0.00
015.290000 0.00
015.300000 0.00
015.310000 0.00
015.320000 0.00
015.330000 0.00
015.340000 0.00
015.350000 0.00
015.360000 0.00
015.370000 0.00
015.380000 0.00
015.390000 0.00
015.400000 0.00
015.410000 0.00
015.420000 0.00
015.430000 0.00
015.440000 0.00
015.450000 0.00
015.460000 0.00
015.470000 0.00
015.480000 0.00
015.490000 0.00
015.500000 0.00
015.510000 0.00
015.520000 0.00
015.530000 0.00
015.540000 0.00
015.550000 0.00
015.560000 0.00
015.570000 0.00
015.580000 0.00
015.590000 0.00
015.600000 0.00
015.610000 0.00
015.620000 0.00
015.630000 0.00
015.640000 0.00
015.650000 0.00
015.660000 0.00
015.670000 0.00
015.680000 0.00
015.690000 0.00
015.700000 0.00
015.710000 0.00
015.720000 0.00
015.730000 0.00
015.740000 0.00
015.750000 0.00
015.760000 0.00
015.770000 0.00
015.780000 0.00
015.790000 0.00
015.800000 0.00
015.810000 0.00
015.820000 0.00
015.830000 0.00
015.840000 0.00
015.850000 0.00
015.860000 0.00
015.870000 0.00
015.880000 0.00
015.890000 0.00
015.900000 0.00
015.910000 0.00
015.920000 0.00
015.930000 0.00
015.940000 0.00
015.950000 0.00
015.960000 0.00
015.970000 0.00
015.980000 0.00
015.990000 0.00
016.000000 0.00
016.010000 0.00
016.020000 0.00
016.030000 0.00
016.040000 0.00
016.050000 0.00
016.060000 0.00
016.070000 0.00
016.080000 0.00
016.090000 0.00
016.100000 0.00
016.110000 0.00
016.120000 0.00
016.130000 0.00
016.140000 0.00
016.150000 0.00
016.160000 0.00
016.170000 0.00
016.180000 0.00
016.190000 0.00
016.200000 0.00
016.210000 0.00
016.220000 0.00
016.230000 0.00
016.240000 0.00
016.250000 0.00
016.260000 0.00
016.270000 0.00
016.280000 0.00
016.290000 0.00
016.300000 0.00
016.310000 0.00
016.320000 0.00
016.330000 0.00
016.340000 0.00
016.350000 0.00
016.360000 0.00
016.370000 0.00
016.380000 0.00
016.390000 0.00
016.400000 0.00
016.410000 0.00
016.420000 0.00
016.430000 0.00
016.440000 0.00
016.450000 0.00
016.460000 0.00
016.470000 0.00
016.480000 0.00
016.490000 0.00
016.500000 0.00
016.510000 0.00
016.520000 0.00
016.530000 0.00
016.540000 0.00
016.550000 0.00
016.560000 0.00
016.570000 0.00
016.580000 0.00
016.590000 0.00
016.600000 0.00
016.610000 0.00
016.620000 0.00
016.630000 0.00
016.640000 0.00
016.650000 0.00
016.660000 0.00
016.670000 0.00
016.680000 0.00
016.690000 0.00
016.700000 0.00
016.710000 0.00
016.720000 0.00
016.730000 0.00
016.740000 0.00
016.750000 0.00
016.760000 0.00
016.770000 0.00
016.780000 0.00
016.790000 0.00
016.800000 0.00
016.810000 0.00
016.820000 0.00
016.830000 0.00
016.840000 0.00
016.850000 0.00
016.860000 0.00
016.870000 0.00
016.880000 0.00
016.890000 0.00
016.900000 0.00
016.910000 0.00
016.920000 0.00
016.930000 0.00
016.940000 0.00
016.950000 0.00
016.960000 0.00
016.970000 0.00
016.980000 0.00
016.990000 0.00
017.000000 0.00
017.010000 0.00
017.020000 0.00
017.030000 0.00
017.040000 0.00
017.050000 0.00
017.060000 0.00
017.070000 0.00
017.080000 0.00
017.090000 0.00
017.100000 0.00
017.110000 0.00
017.120000 0.00
017.130000 0.00
017.140000 0.00
017.150000 0.00
017.160000 0.00
017.170000 0.00
017.180000 0.00
017.190000 0.00
017.200000 0.00
017.210000 0.00
017.220000 0.00
017.230000 0.00
017.240000 0.00
017.250000 0.00
017.260000 0.00
017.270000 0.00
017.280000 0.00
017.290000 0.00
017.300000 0.00
017.310000 0.00
017.320000 0.00
017.330000 0.00
017.340000 0.00
017.350000 0.00
017.360000 0.00
017.370000 0.00
017.380000 0.00
017.390000 0.00
017.400000 0.00
017.410000 0.00
017.420000 0.00
017.430000 0.00
017.440000 0.00
017.450000 0.00
017.460000 0.00
017.470000 0.00
017.480000 0.00
017.490000 0.00
017.500000 0.00
017.510000 0.00
017.520000 0.00
017.530000 0.00
017.540000 0.00
017.550000 0.00
017.560000 0.00
017.570000 0.00
017.580000 0.00
017.590000 0.00
017.600000 0.00
017.610000 0.00
017.620000 0.00
017.630000 0.00
017.640000 0.00
017.650000 0.00
017.660000 0.00
017.670000 0.00
017.680000 0.00
017.690000 0.00
017.700000 0.00
017.710000 0.00
017.720000 0.00
017.730000 0.00
017.740000 0.00
017.750000 0.00
017.760000 0.00
017.770000 0.00
017.780000 0.00
017.790000 0.00
017.800000 0.00
017.810000 0.00
017.820000 0.00
017.830000 0.00
017.840000 0.00
017.850000 0.00
017.860000 0.00
017.870000 0.00
017.880000 0.00
017.890000 0.00
017.900000 0.00
017.910000 0.00
017.920000 0.00
017.930000 0.00
017.940000 0.00
017.950000 0.00
017.960000 0.00
017.970000 0.00
017.980000 0.00
017.990000 0.00
018.000000 0.00
018.010000 0.00
018.020000 0.00
018.030000 0.00
018.040000 0.00
018.050000 0.00
018.060000 0.00
018.070000 0.00
018.080000 0.00
018.090000 0.00
018.100000 0.00
018.110000 0.00
018.120000 0.00
018.130000 0.00
018.140000 0.00
018.150000 0.00
018.160000 0.00
018.170000 0.00
018.180000 0.00
018.190000 0.00
018.200000 0.00
018.210000 0.00
018.220000 0.00
018.230000 0.00
018.240000 0.00
018.250000 0.00
018.260000 0.00
018.270000 0.00
018.280000 0.00
018.290000 0.00
018.300000 0.00
018.310000 0.00
018.320000 0.00
018.330000 0.00
018.340000 0.00
018.350000 0.00
018.360000 0.00
018.370000 0.00
018.380000 0.00
018.390000 0.00
018.400000 0.00
018.410000 0.00
018.420000 0.00
018.430000 0.00
018.440000 0.00
018.450000 0.00
018.460000 0.00
018.470000 0.00
018.480000 0.00
018.490000 0.00
018.500000 0.00
018.510000 0.00
018.520000 0.00
018.530000 0.00
018.540000 0.00
018.550000 0.00
018.560000 0.00
018.570000 0.00
018.580000 0.00
018.590000 0.00
018.600000 0.00
018.610000 0.00
018.620000 0.00
018.630000 0.00
018.640000 0.00
018.650000 0.00
018.660000 0.00
018.670000 0.00
018.680000 0.00
018.690000 0.00
018.700000 0.00
018.710000 0.00
018.720000 0.00
018.730000 0.00
018.740000 0.00
018.750000 0.00
018.760000 0.00
018.770000 0.00
018.780000 0.00
018.790000 0.00
018.800000 0.00
018.810000 0.00
018.820000 0.00
018.830000 0.00
018.840000 0.00
018.850000 0.00
018.860000 0.00
018.870000 0.00
018.880000 0.00
018.890000 0.00
018.900000 0.00
018.910000 0.00
018.920000 0.00
018.930000 0.00
018.940000 0.00
018.950000 0.00
018.960000 0.00
018.970000 0.00
018.980000 0.00
018.990000 0.00
019.000000 0.00
019.010000 0.00
019.020000 0.00
019.030000 0.00
019.040000 0.00
019.050000 0.00
019.060000 0.00
019.070000 0.00
019.080000 0.00
019.090000 0.00
019.100000 0.00
019.110000 0.00
019.120000 0.00
019.130000 0.00
019.140000 0.00
019.150000 0.00
019.160000 0.00
019.170000 0.00
019.180000 0.00
019.190000 0.00
019.200000 0.00
019.210000 0.00
019.220000 0.00
019.230000 0.00
019.240000 0.00
019.250000 0.00
019.260000 0.00
019.270000 0.00
019.280000 0.00
019.290000 0.00
019.300000 0.00
019.310000 0.00
019.320000 0.00
019.330000 0.00
019.340000 0.00
019.350000 0.00
019.360000 0.00
019.370000 0.00
019.380000 0.00
019.390000 0.00
019.400000 0.00
019.410000 0.00
019.420000 0.00
019.430000 0.00
019.440000 0.00
019.450000 0.00
019.460000 0.00
019.470000 0.00
019.480000 0.00
019.490000 0.00
019.500000 0.00
019.510000 0.00
019.520000 0.00
019.530000 0.00
019.540000 0.00
019.550000 0.00
019.560000 0.00
019.570000 0.00
019.580000 0.00
019.590000 0.00
019.600000 0.00
019.610000 0.00
019.620000 0.00
019.630000 0.00
019.640000 0.00
019.650000 0.00
019.660000 0.00
019.670000 0.00
019.680000 0.00
019.690000 0.00
019.700000 0.00
019.710000 0.00
019.720000 0.00
019.730000 0.00
019.740000 0.00
019.750000 0.00
019.760000 0.00
019.770000 0.00
019.780000 0.00
019.790000 0.00
019.800000 0.00
019.810000 0.00
019.820000 0.00
019.830000 0.00
019.840000 0.00
019.850000 0.00
019.860000 0.00
019.870000 0.00
019.880000 0.00
019.890000 0.00
019.900000 0.00
019.910000 0.00
019.920000 0.00
019.930000 0.00
019.940000 0.00
019.950000 0.00
019.960000 0.00
019.970000 0.00
019.980000 0.00
019.990000 0.00
020.000000 0.00
020.010000 0.00
020.020000 0.00
020.030000 0.00
020.040000 0.00
020.050000 0.00
020.060000 0.00
020.070000 0.00
020.080000 0.00
020.090000 0.00
020.100000 0.00
020.110000 0.00
020.120000 0.00
020.130000 0.00
020.140000 0.00
020.150000 0.00
020.160000 0.00
020.170000 0.00
020.180000 0.00
020.190000 0.00
020.200000 0.00
020.210000 0.00
020.220000 0.00
020.230000 0.00
020.240000 0.00
020.250000 0.00
020.260000 0.00
020.270000 0.00
020.280000 0.00
020.290000 0.00
020.300000 0.00
020.310000 0.00
020.320000 0.00
020.330000 0.00
020.340000 0.00
020.350000 0.00
020.360000 0.00
020.370000 0.00
020.380000 0.00
020.390000 0.00
020.400000 0.00
020.410000 0.00
020.420000 0.00
020.430000 0.00
020.440000 0.00
020.450000 0.00
020.460000 0.00
020.470000 0.00
020.480000 0.00
020.490000 0.00
020.500000 0.00
020.510000 0.00
020.520000 0.00
020.530000 0.00
020.540000 0.00
020.550000 0.00
020.560000 0.00
020.570000 0.00
020.580000 0.00
020.590000 0.00
020.600000 0.00
020.610000 0.00
020.620000 0.00
020.630000 0.00
020.640000 0.00
020.650000 0.00
020.660000 0.00
020.670000 0.00
020.680000 0.00
020.690000 0.00
020.700000 0.00
020.710000 0.00
020.720000 0.00
020.730000 0.00
020.740000 0.00
020.750000 0.00
020.760000 0.00
020.770000 0.00
020.780000 0.00
020.790000 0.00
020.800000 0.00
020.810000 0.00
020.820000 0.00
020.830000 0.00
020.840000 0.00
020.850000 0.00
020.860000 0.00
020.870000 0.00
020.880000 0.00
020.890000 0.00
020.900000 0.00
020.910000 0.00
020.920000 0.00
020.930000 0.00
020.940000 0.00
020.950000 0.00
020.960000 0.00
020.970000 0.00
020.980000 0.00
020.990000 0.00
021.000000 0.00
021.010000 0.00
021.020000 0.00
021.030000 0.00
021.040000 0.00
021.050000 0.00
021.060000 0.00
021.070000 0.00
021.080000 0.00
021.090000 0.00
021.100000 0.00
021.110000 0.00
021.120000 0.00
021.130000 0.00
021.140000 0.00
021.150000 0.00
021.160000 0.00
021.170000 0.00
021.180000 0.00
021.190000 0.00
021.200000 0.00
021.210000 0.00
021.220000 0.00
021.230000 0.00
021.240000 0.00
021.250000 0.00
021.260000 0.00
021.270000 0.00
021.280000 0.00
021.290000 0.00
021.300000 0.00
021.310000 0.00
021.320000 0.00
021.330000 0.00
021.340000 0.00
021.350000 0.00
021.360000 0.00
021.370000 0.00
021.380000 0.00
021.390000 0.00
021.400000 0.00
021.410000 0.00
021.420000 0.00
021.430000 0.00
021.440000 0.00
021.450000 0.00
021.460000 0.00
021.470000 0.00
021.480000 0.00
021.490000 0.00
021.500000 0.00
021.510000 0.00
021.520000 0.00
021.530000 0.00
021.540000 0.00
021.550000 0.00
021.560000 0.00
021.570000 0.00
021.580000 0.00
021.590000 0.00
021.600000 0.00
021.610000 0.00
021.620000 0.00
021.630000 0.00
021.640000 0.00
021.650000 0.00
021.660000 0.00
021.670000 0.00
021.680000 0.00
021.690000 0.00
021.700000 0.00
021.710000 0.00
021.720000 0.00
021.730000 0.00
021.740000 0.00
021.750000 0.00
021.760000 0.00
021.770000 0.00
021.780000 0.00
021.790000 0.00
021.800000 0.00
021.810000 0.00
021.820000 0.00
021.830000 0.00
021.840000 0.00
021.850000 0.00
021.860000 0.00
021.870000 0.00
021.880000 0.00
021.890000 0.00
021.900000 0.00
021.910000 0.00
021.920000 0.00
021.930000 0.00
021.940000 0.00
021.950000 0.00
021.960000 0.00
021.970000 0.00
021.980000 0.00
021.990000 0.00
022.000000 0.00
022.010000 0.00
022.020000 0.00
022.030000 0.00
022.040000 0.00
022.050000 0.00
022.060000 0.00
022.070000 0.00
022.080000 0.00
022.090000 0.00
022.100000 0.00
022.110000 0.00
022.120000 0.00
022.130000 0.00
022.140000 0.00
022.150000 0.00
022.160000 0.00
022.170000 0.00
022.180000 0.00
022.190000 0.00
022.200000 0.00
022.210000 0.00
022.220000 0.00
022.230000 0.00
022.240000 0.00
022.250000 0.00
022.260000 0.00
022.270000 0.00
022.280000 0.00
022.290000 0.00
022.300000 0.00
022.310000 0.00
022.320000 0.00
022.330000 0.00
022.340000 0.00
022.350000 0.00
022.360000 0.00
022.370000 0.00
022.380000 0.00
022.390000 0.00
022.400000 0.00
022.410000 0.00
022.420000 0.00
022.430000 0.00
022.440000 0.00
022.450000 0.00
022.460000 0.00
022.470000 0.00
022.480000 0.00
022.490000 0.00
022.500000 0.00
022.510000 0.00
022.520000 0.00
022.530000 0.00
022.540000 0.00
022.550000 0.00
022.560000 0.00
022.570000 0.00
022.580000 0.00
022.590000 0.00
022.600000 0.00
022.610000 0.00
022.620000 0.00
022.630000 0.00
022.640000 0.00
022.650000 0.00
022.660000 0.00
022.670000 0.00
022.680000 0.00
022.690000 0.00
022.700000 0.00
022.710000 0.00
022.720000 0.00
022.730000 0.00
022.740000 0.00
022.750000 0.00
022.760000 0.00
022.770000 0.00
022.780000 0.00
022.790000 0.00
022.800000 0.00
022.810000 0.00
022.820000 0.00
022.830000 0.00
022.840000 0.00
022.850000 0.00
022.860000 0.00
022.870000 0.00
022.880000 0.00
022.890000 0.00
022.900000 0.00
022.910000 0.00
022.920000 0.00
022.930000 0.00
022.940000 0.00
022.950000 0.00
022.960000 0.00
022.970000 0.00
022.980000 0.00
022.990000 0.00
023.000000 0.00
023.010000 0.00
023.020000 0.00
023.030000 0.00
023.040000 0.00
023.050000 0.00
023.060000 0.00
023.070000 0.00
023.080000 0.00
023.090000 0.00
023.100000 0.00
023.110000 0.00
023.120000 0.00
023.130000 0.00
023.140000 0.00
023.150000 0.00
023.160000 0.00
023.170000 0.00
023.180000 0.00
023.190000 0.00
023.200000 0.00
023.210000 0.00
023.220000 0.00
023.230000 0.00
023.240000 0.00
023.250000 0.00
023.260000 0.00
023.270000 0.00
023.280000 0.00
023.290000 0.00
023.300000 0.00
023.310000 0.00
023.320000 0.00
023.330000 0.00
023.340000 0.00
023.350000 0.00
023.360000 0.00
023.370000 0.00
023.380000 0.00
023.390000 0.00
023.400000 0.00
023.410000 0.00
023.420000 0.00
023.430000 0.00
023.440000 0.00
023.450000 0.00
023.460000 0.00
023.470000 0.00
023.480000 0.00
023.490000 0.00
023.500000 0.00
023.510000 0.00
023.520000 0.00
023.530000 0.00
023.540000 0.00
023.550000 0.00
023.560000 0.00
023.570000 0.00
023.580000 0.00
023.590000 0.00
023.600000 0.00
023.610000 0.00
023.620000 0.00
023.630000 0.00
023.640000 0.00
023.650000 0.00
023.660000 0.00
023.670000 0.00
023.680000 0.00
023.690000 0.00
023.700000 0.00
023.710000 0.00
023.720000 0.00
023.730000 0.00
023.740000 0.00
023.750000 0.00
023.760000 0.00
023.770000 0.00
023.780000 0.00
023.790000 0.00
023.800000 0.00
023.810000 0.00
023.820000 0.00
023.830000 0.00
023.840000 0.00
023.850000 0.00
023.860000 0.00
023.870000 0.00
023.880000 0.00
023.890000 0.00
023.900000 0.00
023.910000 0.00
023.920000 0.00
023.930000 0.00
023.940000 0.00
023.950000 0.00
023.960000 0.00
023.970000 0.00
023.980000 0.00
023.990000 0.00
024.000000 0.00
024.010000 0.00
024.020000 0.00
024.030000 0.00
024.040000 0.00
024.050000 0.00
024.060000 0.00
024.070000 0.00
024.080000 0.00
024.090000 0.00
024.100000 0.00
024.110000 0.00
024.120000 0.00
024.130000 0.00
024.140000 0.00
024.150000 0.00
024.160000 0.00
024.170000 0.00
024.180000 0.00
024.190000 0.00
024.200000 0.00
024.210000 0.00
024.220000 0.00
024.230000 0.00
024.240000 0.00
024.250000 0.00
024.260000 0.00
024.270000 0.00
024.280000 0.00
024.290000 0.00
024.300000 0.00
024.310000 0.00
024.320000 0.00
024.330000 0.00
024.340000 0.00
024.350000 0.00
024.360000 0.00
024.370000 0.00
024.380000 0.00
024.390000 0.00
024.400000 0.00
024.410000 0.00
024.420000 0.00
024.430000 0.00
024.440000 0.00
024.450000 0.00
024.460000 0.00
024.470000 0.00
024.480000 0.00
024.490000 0.00
024.500000 0.00
024.510000 0.00
024.520000 0.00
024.530000 0.00
024.540000 0.00
024.550000 0.00
024.560000 0.00
024.570000 0.00
024.580000 0.00
024.590000 0.00
024.600000 0.00
024.610000 0.00
024.620000 0.00
024.630000 0.00
024.640000 0.00
024.650000 0.00
024.660000 0.00
024.670000 0.00
024.680000 0.00
024.690000 0.00
024.700000 0.00
024.710000 0.00
024.720000 0.00
024.730000 0.00
024.740000 0.00
024.750000 0.00
024.760000 0.00
024.770000 0.00
024.780000 0.00
024.790000 0.00
024.800000 0.00
024.810000 0.00
024.820000 0.00
024.830000 0.00
024.840000 0.00
024.850000 0.00
024.860000 0.00
024.870000 0.00
024.880000 0.00
024.890000 0.00
024.900000 0.00
024.910000 0.00
024.920000 0.00
024.930000 0.00
024.940000 0.00
024.950000 0.00
024.960000 0.00
024.970000 0.00
024.980000 0.00
024.990000 0.00
025.000000 0.00
025.010000 0.00
025.020000 0.00
025.030000 0.00
025.040000 0.00
025.050000 0.00
025.060000 0.00
025.070000 0.00
025.080000 0.00
025.090000 0.00
025.100000 0.00
025.110000 0.00
025.120000 0.00
025.130000 0.00
025.140000 0.00
025.150000 0.00
025.160000 0.00
025.170000 0.00
025.180000 0.00
025.190000 0.00
025.200000 0.00
025.210000 0.00
025.220000 0.00
025.230000 0.00
025.240000 0.00
025.250000 0.00
025.260000 0.00
025.270000 0.00
025.280000 0.00
025.290000 0.00
025.300000 0.00
025.310000 0.00
025.320000 0.00
025.330000 0.00
025.340000 0.00
025.350000 0.00
025.360000 0.00
025.370000 0.00
025.380000 0.00
025.390000 0.00
025.400000 0.00
025.410000 0.00
025.420000 0.00
025.430000 0.00
025.440000 0.00
025.450000 0.00
025.460000 0.00
025.470000 0.00
025.480000 0.00
025.490000 0.00
025.500000 0.00
025.510000 0.00
025.520000 0.00
025.530000 0.00
025.540000 0.00
025.550000 0.00
025.560000 0.00
025.570000 0.00
025.580000 0.00
025.590000 0.00
025.600000 0.00
025.610000 0.00
025.620000 0.00
025.630000 0.00
025.640000 0.00
025.650000 0.00
025.660000 0.00
025.670000 0.00
025.680000 0.00
025.690000 0.00
025.700000 0.00
025.710000 0.00
025.720000 0.00
025.730000 0.00
025.740000 0.00
025.750000 0.00
025.760000 0.00
025.770000 0.00
025.780000 0.00
025.790000 0.00
025.800000 0.00
025.810000 0.00
025.820000 0.00
025.830000 0.00
025.840000 0.00
025.850000 0.00
025.860000 0.00
025.870000 0.00
025.880000 0.00
025.890000 0.00
025.900000 0.00
025.910000 0.00
025.920000 0.00
025.930000 0.00
025.940000 0.00
025.950000 0.00
025.960000 0.00
025.970000 0.00
025.980000 0.00
025.990000 0.00
026.000000 0.00
026.010000 0.00
026.020000 0.00
026.030000 0.00
026.040000 0.00
026.050000 0.00
026.060000 0.00
026.070000 0.00
026.080000 0.00
026.090000 0.00
026.100000 0.00
026.110000 0.00
026.120000 0.00
026.130000 0.00
026.140000 0.00
026.150000 0.00
026.160000 0.00
026.170000 0.00
026.180000 0.00
026.190000 0.00
026.200000 0.00
026.210000 0.00
026.220000 0.00
026.230000 0.00
026.240000 0.00
026.250000 0.00
026.260000 0.00
026.270000 0.00
026.280000 0.00
026.290000 0.00
026.300000 0.00
026.310000 0.00
026.320000 0.00
026.330000 0.00
026.340000 0.00
026.350000 0.00
026.360000 0.00
026.370000 0.00
026.380000 0.00
026.390000 0.00
026.400000 0.00
026.410000 0.00
026.420000 0.00
026.430000 0.00
026.440000 0.00
026.450000 0.00
026.460000 0.00
026.470000 0.00
026.480000 0.00
026.490000 0.00
026.500000 0.00
026.510000 0.00
026.520000 0.00
026.530000 0.00
026.540000 0.00
026.550000 0.00
026.560000 0.00
026.570000 0.00
026.580000 0.00
026.590000 0.00
026.600000 0.00
026.610000 0.00
026.620000 0.00
026.630000 0.00
026.640000 0.00
026.650000 0.00
026.660000 0.00
026.670000 0.00
026.680000 0.00
026.690000 0.00
026.700000 0.00
026.710000 0.00
026.720000 0.00
026.730000 0.00
026.740000 0.00
026.750000 0.00
026.760000 0.00
026.770000 0.00
026.780000 0.00
026.790000 0.00
026.800000 0.00
026.810000 0.00
026.820000 0.00
026.830000 0.00
026.840000 0.00
026.850000 0.00
026.860000 0.00
026.870000 0.00
026.880000 0.00
026.890000 0.00
026.900000 0.00
026.910000 0.00
026.920000 0.00
026.930000 0.00
026.940000 0.00
026.950000 0.00
026.960000 0.00
026.970000 0.00
026.980000 0.00
026.990000 0.00
027.000000 0.00
027.010000 0.00
027.020000 0.00
027.030000 0.00
027.040000 0.00
027.050000 0.00
027.060000 0.00
027.070000 0.00
027.080000 0.00
027.090000 0.00
027.100000 0.00
027.110000 0.00
027.120000 0.00
027.130000 0.00
027.140000 0.00
027.150000 0.00
027.160000 0.00
027.170000 0.00
027.180000 0.00
027.190000 0.00
027.200000 0.00
027.210000 0.00
027.220000 0.00
027.230000 0.00
027.240000 0.00
027.250000 0.00
027.260000 0.00
027.270000 0.00
027.280000 0.00
027.290000 0.00
027.300000 0.00
027.310000 0.00
027.320000 0.00
027.330000 0.00
027.340000 0.00
027.350000 0.00
027.360000 0.00
027.370000 0.00
027.380000 0.00
027.390000 0.00
027.400000 0.00
027.410000 0.00
027.420000 0.00
027.430000 0.00
027.440000 0.00
027.450000 0.00
027.460000 0.00
027.470000 0.00
027.480000 0.00
027.490000 0.00
027.500000 0.00
027.510000 0.00
027.520000 0.00
027.530000 0.00
027.540000 0.00
027.550000 0.00
027.560000 0.00
027.570000 0.00
027.580000 0.00
027.590000 0.00
027.600000 0.00
027.610000 0.00
027.620000 0.00
027.630000 0.00
027.640000 0.00
027.650000 0.00
027.660000 0.00
027.670000 0.00
027.680000 0.00
027.690000 0.00
027.700000 0.00
027.710000 0.00
027.720000 0.00
027.730000 0.00
027.740000 0.00
027.750000 0.00
027.760000 0.00
027.770000 0.00
027.780000 0.00
027.790000 0.00
027.800000 0.00
027.810000 0.00
027.820000 0.00
027.830000 0.00
027.840000 0.00
027.850000 0.00
027.860000 0.00
027.870000 0.00
027.880000 0.00
027.890000 0.00
027.900000 0.00
027.910000 0.00
027.920000 0.00
027.930000 0.00
027.940000 0.00
027.950000 0.00
027.960000 0.00
027.970000 0.00
027.980000 0.00
027.990000 0.00
028.000000 0.00
028.010000 0.00
028.020000 0.00
028.030000 0.00
028.040000 0.00
028.050000 0.00
028.060000 0.00
028.070000 0.00
028.080000 0.00
028.090000 0.00
028.100000 0.00
028.110000 0.00
028.120000 0.00
028.130000 0.00
028.140000 0.00
028.150000 0.00
028.160000 0.00
028.170000 0.00
028.180000 0.00
028.190000 0.00
028.200000 0.00
028.210000 0.00
028.220000 0.00
028.230000 0.00
028.240000 0.00
028.250000 0.00
028.260000 0.00
028.270000 0.00
028.280000 0.00
028.290000 0.00
028.300000 0.00
028.310000 0.00
028.320000 0.00
028.330000 0.00
028.340000 0.00
028.350000 0.00
028.360000 0.00
028.370000 0.00
028.380000 0.00
028.390000 0.00
028.400000 0.00
028.410000 0.00
028.420000 0.00
028.430000 0.00
028.440000 0.00
028.450000 0.00
028.460000 0.00
028.470000 0.00
028.480000 0.00
028.490000 0.00
028.500000 0.00
028.510000 0.00
028.520000 0.00
028.530000 0.00
028.540000 0.00
028.550000 0.00
028.560000 0.00
028.570000 0.00
028.580000 0.00
028.590000 0.00
028.600000 0.00
028.610000 0.00
028.620000 0.00
028.630000 0.00
028.640000 0.00
028.650000 0.00
028.660000 0.00
028.670000 0.00
028.680000 0.00
028.690000 0.00
028.700000 0.00
028.710000 0.00
028.720000 0.00
028.730000 0.00
028.740000 0.00
028.750000 0.00
028.760000 0.00
028.770000 0.00
028.780000 0.00
028.790000 0.00
028.800000 0.00
028.810000 0.00
028.820000 0.00
028.830000 0.00
028.840000 0.00
028.850000 0.00
028.860000 0.00
028.870000 0.00
028.880000 0.00
028.890000 0.00
028.900000 0.00
028.910000 0.00
028.920000 0.00
028.930000 0.00
028.940000 0.00
028.950000 0.00
028.960000 0.00
028.970000 0.00
028.980000 0.00
028.990000 0.00
029.000000 0.00
029.010000 0.00
029.020000 0.00
029.030000 0.00
029.040000 0.00
029.050000 0.00
029.060000 0.00
029.070000 0.00
029.080000 0.00
029.090000 0.00
029.100000 0.00
029.110000 0.00
029.120000 0.00
029.130000 0.00
029.140000 0.00
029.150000 0.00
029.160000 0.00
029.170000 0.00
029.180000 0.00
029.190000 0.00
029.200000 0.00
029.210000 0.00
029.220000 0.00
029.230000 0.00
029.240000 0.00
029.250000 0.00
029.260000 0.00
029.270000 0.00
029.280000 0.00
029.290000 0.00
029.300000 0.00
029.310000 0.00
029.320000 0.00
029.330000 0.00
029.340000 0.00
029.350000 0.00
029.360000 0.00
029.370000 0.00
029.380000 0.00
029.390000 0.00
029.400000 0.00
029.410000 0.00
029.420000 0.00
029.430000 0.00
029.440000 0.00
029.450000 0.00
029.460000 0.00
029.470000 0.00
029.480000 0.00
029.490000 0.00
029.500000 0.00
029.510000 0.00
029.520000 0.00
029.530000 0.00
029.540000 0.00
029.550000 0.00
029.560000 0.00
029.570000 0.00
029.580000 0.00
029.590000 0.00
029.600000 0.00
029.610000 0.00
029.620000 0.00
029.630000 0.00
029.640000 0.00
029.650000 0.00
029.660000 0.00
029.670000 0.00
029.680000 0.00
029.690000 0.00
029.700000 0.00
029.710000 0.00
029.720000 0.00
029.730000 0.00
029.740000 0.00
029.750000 0.00
029.760000 0.00
029.770000 0.00
029.780000 0.00
029.790000 0.00
029.800000 0.00
029.810000 0.00
029.820000 0.00
029.830000 0.00
029.840000 0.00
029.850000 0.00
029.860000 0.00
029.870000 0.00
029.880000 0.00
029.890000 0.00
029.900000 0.00
029.910000 0.00
029.920000 0.00
029.930000 0.00
029.940000 0.00
029.950000 0.00
029.960000 0.00
029.970000 0.00
029.980000 0.00
029.990000 0.00
030.000000 0.00
