000.010000 0.00
000.020000 0.00
000.030000 0.00
000.040000 0.00
000.050000 0.00
000.060000 0.00
000.070000 0.00
000.080000 0.00
000.090000 0.00
000.100000 0.00
000.110000 0.00
000.120000 0.00
000.130000 0.00
000.140000 0.00
000.150000 0.00
000.160000 0.00
000.170000 0.00
000.180000 0.00
000.190000 0.00
000.200000 0.00
000.210000 0.00
000.220000 0.00
000.230000 0.00
000.240000 0.00
000.250000 0.00
000.260000 0.00
000.270000 0.00
000.280000 0.00
000.290000 0.00
000.300000 0.00
000.310000 0.00
000.320000 0.00
000.330000 0.00
000.340000 0.00
000.350000 0.00
000.360000 0.00
000.370000 0.00
000.380000 3.25
000.390000 22.77
000.400000 24.05
000.410000 24.35
000.420000 24.28
000.430000 24.55
000.440000 24.23
000.450000 23.60
000.460000 23.14
000.470000 22.14
000.480000 23.47
000.490000 24.81
000.500000 23.26
000.510000 23.56
000.520000 24.17
000.530000 24.29
000.540000 25.08
000.550000 25.79
000.560000 23.83
000.570000 24.19
000.580000 24.12
000.590000 23.11
000.600000 23.18
000.610000 23.53
000.620000 23.53
000.630000 23.79
000.640000 25.54
000.650000 24.27
000.660000 23.82
000.670000 24.63
000.680000 23.42
000.690000 24.42
000.700000 23.57
000.710000 24.00
000.720000 22.65
000.730000 24.19
000.740000 24.36
000.750000 23.43
000.760000 24.41
000.770000 24.93
000.780000 24.22
000.790000 24.29
000.800000 23.81
000.810000 24.69
000.820000 23.90
000.830000 24.16
000.840000 23.93
000.850000 24.09
000.860000 23.18
000.870000 23.12
000.880000 24.82
000.890000 23.31
000.900000 23.45
000.910000 24.38
000.920000 23.96
000.930000 23.21
000.940000 23.32
000.950000 23.42
000.960000 25.01
000.970000 23.16
000.980000 23.70
000.990000 24.01
001.000000 23.48
001.010000 24.40
001.020000 24.42
001.030000 24.07
001.040000 24.47
001.050000 22.72
001.060000 24.48
001.070000 24.14
001.080000 24.04
001.090000 22.92
001.100000 23.66
001.110000 23.95
001.120000 24.25
001.130000 23.90
001.140000 23.95
001.150000 23.42
001.160000 24.44
001.170000 24.88
001.180000 24.13
001.190000 24.65
001.200000 24.51
001.210000 24.64
001.220000 23.61
001.230000 25.08
001.240000 23.79
001.250000 24.19
001.260000 24.03
001.270000 23.84
001.280000 23.64
001.290000 22.82
001.300000 23.86
001.310000 23.27
001.320000 22.97
001.330000 24.72
001.340000 24.43
001.350000 23.84
001.360000 24.00
001.370000 24.20
001.380000 24.33
001.390000 24.68
001.400000 24.06
001.410000 23.54
001.420000 24.33
001.430000 23.44
001.440000 24.32
001.450000 24.28
001.460000 23.34
001.470000 24.30
001.480000 22.78
001.490000 23.54
001.500000 24.26
001.510000 23.09
001.520000 24.12
001.530000 23.42
001.540000 24.33
001.550000 23.40
001.560000 24.99
001.570000 24.57
001.580000 23.58
001.590000 24.85
001.600000 23.40
001.610000 24.22
001.620000 23.60
001.630000 24.22
001.640000 23.52
001.650000 24.44
001.660000 22.89
001.670000 23.96
001.680000 24.23
001.690000 23.66
001.700000 23.85
001.710000 24.39
001.720000 23.98
001.730000 23.10
001.740000 24.45
001.750000 24.17
001.760000 23.77
001.770000 25.33
001.780000 23.32
001.790000 23.89
001.800000 23.53
001.810000 23.43
001.820000 23.61
001.830000 22.88
001.840000 23.31
001.850000 23.50
001.860000 24.16
001.870000 23.79
001.880000 24.10
001.890000 24.61
001.900000 23.93
001.910000 22.93
001.920000 24.14
001.930000 24.54
001.940000 23.58
001.950000 25.24
001.960000 22.63
001.970000 23.56
001.980000 24.12
001.990000 24.15
002.000000 24.43
002.010000 24.19
002.020000 24.03
002.030000 23.32
002.040000 23.71
002.050000 23.32
002.060000 22.98
002.070000 24.02
002.080000 24.23
002.090000 24.82
002.100000 24.09
002.110000 24.09
002.120000 24.16
002.130000 23.87
002.140000 24.09
002.150000 24.31
002.160000 25.03
002.170000 23.41
002.180000 23.43
002.190000 23.65
002.200000 24.84
002.210000 23.73
002.220000 24.35
002.230000 24.01
002.240000 23.76
002.250000 23.90
002.260000 23.19
002.270000 23.80
002.280000 23.28
002.290000 24.15
002.300000 23.88
002.310000 22.89
002.320000 23.13
002.330000 23.67
002.340000 23.76
002.350000 23.73
002.360000 23.64
002.370000 22.87
002.380000 23.28
002.390000 24.21
002.400000 23.59
002.410000 24.69
002.420000 24.32
002.430000 23.93
002.440000 24.42
002.450000 25.05
002.460000 24.23
002.470000 23.38
002.480000 23.55
002.490000 23.70
002.500000 23.09
002.510000 24.79
002.520000 23.71
002.530000 23.35
002.540000 23.86
002.550000 23.67
002.560000 23.58
002.570000 23.96
002.580000 24.15
002.590000 23.22
002.600000 24.20
002.610000 24.47
002.620000 22.30
002.630000 23.55
002.640000 24.63
002.650000 24.33
002.660000 23.56
002.670000 23.49
002.680000 23.21
002.690000 23.03
002.700000 24.10
002.710000 23.14
002.720000 23.10
002.730000 23.89
002.740000 24.39
002.750000 24.32
002.760000 24.37
002.770000 23.26
002.780000 24.01
002.790000 24.52
002.800000 23.45
002.810000 23.23
002.820000 24.53
002.830000 23.63
002.840000 24.58
002.850000 23.62
002.860000 24.13
002.870000 23.17
002.880000 24.84
002.890000 22.60
002.900000 24.54
002.910000 24.78
002.920000 24.60
002.930000 23.98
002.940000 25.19
002.950000 23.27
002.960000 23.90
002.970000 23.99
002.980000 23.19
002.990000 23.87
003.000000 23.82
003.010000 23.66
003.020000 23.91
003.030000 24.27
003.040000 23.90
003.050000 24.62
003.060000 24.19
003.070000 24.90
003.080000 23.92
003.090000 23.99
003.100000 23.79
003.110000 23.46
003.120000 24.02
003.130000 24.40
003.140000 24.44
003.150000 23.90
003.160000 23.70
003.170000 23.48
003.180000 23.92
003.190000 23.12
003.200000 23.56
003.210000 23.82
003.220000 23.42
003.230000 23.23
003.240000 23.01
003.250000 22.89
003.260000 22.11
003.270000 24.58
003.280000 23.23
003.290000 23.73
003.300000 23.88
003.310000 24.45
003.320000 23.51
003.330000 23.82
003.340000 23.46
003.350000 24.61
003.360000 23.61
003.370000 23.76
003.380000 23.96
003.390000 23.21
003.400000 24.37
003.410000 24.79
003.420000 24.73
003.430000 23.15
003.440000 24.24
003.450000 23.06
003.460000 23.40
003.470000 24.44
003.480000 23.26
003.490000 23.84
003.500000 23.48
003.510000 24.24
003.520000 23.45
003.530000 23.15
003.540000 24.68
003.550000 24.22
003.560000 24.67
003.570000 23.21
003.580000 23.36
003.590000 25.70
003.600000 24.71
003.610000 23.82
003.620000 23.31
003.630000 25.42
003.640000 23.36
003.650000 24.30
003.660000 23.40
003.670000 24.81
003.680000 23.28
003.690000 24.17
003.700000 23.76
003.710000 23.75
003.720000 24.13
003.730000 23.17
003.740000 22.90
003.750000 23.47
003.760000 24.24
003.770000 24.82
003.780000 22.84
003.790000 23.66
003.800000 24.20
003.810000 23.91
003.820000 24.43
003.830000 24.56
003.840000 24.24
003.850000 23.94
003.860000 23.47
003.870000 23.51
003.880000 25.12
003.890000 24.03
003.900000 23.69
003.910000 23.87
003.920000 23.07
003.930000 24.42
003.940000 22.70
003.950000 23.44
003.960000 23.20
003.970000 24.02
003.980000 24.51
003.990000 23.61
004.000000 24.24
004.010000 24.35
004.020000 22.66
004.030000 24.00
004.040000 24.48
004.050000 23.95
004.060000 22.86
004.070000 23.99
004.080000 22.93
004.090000 24.08
004.100000 24.26
004.110000 24.03
004.120000 23.23
004.130000 23.41
004.140000 23.87
004.150000 23.34
004.160000 23.68
004.170000 23.57
004.180000 24.91
004.190000 24.23
004.200000 23.47
004.210000 23.70
004.220000 24.76
004.230000 23.05
004.240000 24.92
004.250000 24.61
004.260000 24.37
004.270000 23.98
004.280000 23.32
004.290000 24.23
004.300000 23.65
004.310000 23.73
004.320000 24.18
004.330000 23.34
004.340000 22.11
004.350000 24.48
004.360000 23.06
004.370000 23.13
004.380000 23.97
004.390000 23.18
004.400000 23.67
004.410000 23.34
004.420000 23.16
004.430000 24.10
004.440000 24.40
004.450000 24.67
004.460000 24.20
004.470000 24.19
004.480000 23.35
004.490000 24.59
004.500000 23.69
004.510000 23.63
004.520000 23.84
004.530000 23.90
004.540000 25.09
004.550000 24.40
004.560000 23.67
004.570000 23.46
004.580000 23.58
004.590000 24.50
004.600000 24.44
004.610000 24.66
004.620000 24.08
004.630000 23.19
004.640000 23.52
004.650000 22.94
004.660000 23.67
004.670000 24.29
004.680000 24.30
004.690000 23.89
004.700000 25.34
004.710000 23.53
004.720000 24.30
004.730000 23.53
004.740000 23.87
004.750000 24.72
004.760000 24.45
004.770000 22.94
004.780000 24.30
004.790000 23.01
004.800000 25.27
004.810000 23.86
004.820000 22.28
004.830000 23.93
004.840000 23.28
004.850000 24.93
004.860000 23.08
004.870000 24.28
004.880000 24.36
004.890000 24.16
004.900000 22.96
004.910000 22.90
004.920000 24.89
004.930000 24.99
004.940000 23.77
004.950000 25.03
004.960000 23.93
004.970000 23.87
004.980000 23.83
004.990000 22.60
005.000000 23.21
005.010000 24.13
005.020000 23.84
005.030000 22.94
005.040000 23.59
005.050000 24.50
005.060000 24.27
005.070000 23.43
005.080000 22.99
005.090000 23.88
005.100000 23.58
005.110000 23.42
005.120000 24.82
005.130000 24.51
005.140000 23.33
005.150000 23.98
005.160000 23.28
005.170000 23.74
005.180000 24.03
005.190000 23.27
005.200000 24.94
005.210000 24.11
005.220000 24.20
005.230000 23.79
005.240000 24.82
005.250000 23.49
005.260000 23.18
005.270000 24.03
005.280000 23.93
005.290000 23.62
005.300000 24.70
005.310000 23.09
005.320000 23.82
005.330000 22.09
005.340000 20.98
005.350000 22.68
005.360000 22.83
005.370000 22.07
005.380000 22.94
005.390000 25.02
005.400000 24.57
005.410000 23.17
005.420000 24.23
005.430000 24.05
005.440000 24.70
005.450000 23.68
005.460000 23.82
005.470000 24.18
005.480000 23.31
005.490000 24.10
005.500000 24.75
005.510000 23.63
005.520000 23.13
005.530000 23.07
005.540000 23.38
005.550000 24.67
005.560000 23.73
005.570000 23.45
005.580000 22.46
005.590000 23.12
005.600000 24.14
005.610000 23.58
005.620000 25.12
005.630000 24.81
005.640000 23.74
005.650000 23.27
005.660000 23.31
005.670000 23.11
005.680000 23.83
005.690000 25.39
005.700000 24.72
005.710000 24.55
005.720000 23.85
005.730000 24.06
005.740000 24.91
005.750000 23.61
005.760000 22.27
005.770000 22.43
005.780000 24.05
005.790000 24.07
005.800000 23.42
005.810000 23.73
005.820000 23.22
005.830000 24.33
005.840000 25.33
005.850000 24.21
005.860000 24.02
005.870000 24.42
005.880000 23.46
005.890000 24.99
005.900000 23.99
005.910000 23.81
005.920000 23.70
005.930000 23.93
005.940000 24.01
005.950000 23.91
005.960000 24.32
005.970000 24.06
005.980000 23.81
005.990000 24.26
006.000000 22.17
006.010000 25.50
006.020000 23.00
006.030000 23.65
006.040000 24.83
006.050000 24.13
006.060000 24.75
006.070000 24.40
006.080000 24.65
006.090000 24.62
006.100000 24.73
006.110000 23.45
006.120000 23.50
006.130000 23.86
006.140000 24.89
006.150000 23.75
006.160000 24.96
006.170000 24.51
006.180000 23.49
006.190000 24.09
006.200000 24.61
006.210000 23.95
006.220000 23.75
006.230000 23.84
006.240000 23.96
006.250000 24.36
006.260000 24.15
006.270000 24.36
006.280000 24.84
006.290000 22.63
006.300000 23.53
006.310000 23.94
006.320000 22.53
006.330000 23.47
006.340000 23.31
006.350000 23.48
006.360000 23.11
006.370000 23.41
006.380000 23.30
006.390000 23.98
006.400000 24.32
006.410000 24.15
006.420000 23.62
006.430000 23.79
006.440000 24.19
006.450000 23.78
006.460000 24.80
006.470000 24.44
006.480000 23.78
006.490000 24.30
006.500000 23.68
006.510000 22.96
006.520000 23.86
006.530000 23.38
006.540000 23.76
006.550000 24.01
006.560000 24.00
006.570000 23.15
006.580000 23.85
006.590000 24.29
006.600000 24.13
006.610000 23.31
006.620000 22.86
006.630000 23.46
006.640000 24.59
006.650000 24.36
006.660000 24.72
006.670000 24.35
006.680000 22.89
006.690000 23.29
006.700000 24.94
006.710000 24.81
006.720000 23.58
006.730000 23.63
006.740000 23.56
006.750000 23.10
006.760000 24.07
006.770000 24.06
006.780000 23.93
006.790000 23.92
006.800000 23.27
006.810000 23.55
006.820000 23.43
006.830000 23.36
006.840000 24.41
006.850000 24.14
006.860000 24.66
006.870000 23.32
006.880000 23.97
006.890000 24.04
006.900000 23.49
006.910000 25.12
006.920000 23.63
006.930000 24.39
006.940000 24.05
006.950000 24.98
006.960000 23.85
006.970000 24.15
006.980000 24.56
006.990000 23.76
007.000000 23.89
007.010000 24.42
007.020000 24.43
007.030000 25.10
007.040000 23.14
007.050000 24.05
007.060000 23.79
007.070000 24.36
007.080000 23.13
007.090000 23.64
007.100000 23.40
007.110000 24.48
007.120000 24.35
007.130000 23.79
007.140000 23.93
007.150000 23.96
007.160000 24.45
007.170000 23.88
007.180000 24.11
007.190000 24.16
007.200000 24.47
007.210000 24.64
007.220000 23.85
007.230000 22.93
007.240000 23.77
007.250000 22.88
007.260000 23.42
007.270000 24.32
007.280000 24.10
007.290000 24.10
007.300000 24.23
007.310000 23.73
007.320000 23.84
007.330000 23.99
007.340000 23.46
007.350000 23.76
007.360000 24.60
007.370000 23.39
007.380000 24.59
007.390000 24.21
007.400000 22.79
007.410000 25.03
007.420000 24.45
007.430000 24.14
007.440000 23.66
007.450000 23.52
007.460000 24.00
007.470000 24.11
007.480000 23.62
007.490000 24.33
007.500000 24.32
007.510000 23.54
007.520000 23.39
007.530000 25.19
007.540000 24.55
007.550000 23.79
007.560000 24.05
007.570000 23.57
007.580000 24.00
007.590000 23.42
007.600000 22.64
007.610000 23.95
007.620000 25.22
007.630000 23.30
007.640000 24.32
007.650000 24.29
007.660000 24.13
007.670000 23.85
007.680000 24.72
007.690000 24.01
007.700000 23.64
007.710000 23.28
007.720000 23.97
007.730000 23.87
007.740000 23.27
007.750000 23.79
007.760000 24.59
007.770000 24.00
007.780000 23.16
007.790000 23.28
007.800000 24.27
007.810000 24.69
007.820000 23.76
007.830000 24.09
007.840000 23.33
007.850000 22.93
007.860000 23.65
007.870000 23.55
007.880000 23.53
007.890000 24.58
007.900000 23.92
007.910000 24.47
007.920000 24.39
007.930000 23.51
007.940000 23.54
007.950000 24.42
007.960000 23.20
007.970000 23.71
007.980000 22.32
007.990000 23.78
008.000000 24.03
008.010000 24.01
008.020000 23.94
008.030000 24.93
008.040000 23.59
008.050000 25.33
008.060000 24.16
008.070000 25.18
008.080000 23.16
008.090000 24.00
008.100000 23.92
008.110000 24.48
008.120000 23.54
008.130000 23.67
008.140000 23.32
008.150000 24.54
008.160000 24.06
008.170000 23.85
008.180000 23.85
008.190000 24.11
008.200000 24.46
008.210000 23.20
008.220000 23.12
008.230000 23.40
008.240000 24.81
008.250000 23.94
008.260000 23.97
008.270000 24.41
008.280000 22.97
008.290000 23.41
008.300000 23.46
008.310000 23.36
008.320000 22.95
008.330000 24.76
008.340000 23.74
008.350000 24.60
008.360000 23.57
008.370000 24.29
008.380000 23.41
008.390000 23.79
008.400000 23.70
008.410000 23.08
008.420000 24.14
008.430000 23.24
008.440000 23.13
008.450000 24.97
008.460000 24.11
008.470000 24.71
008.480000 22.98
008.490000 24.47
008.500000 24.25
008.510000 22.83
008.520000 23.36
008.530000 23.99
008.540000 23.87
008.550000 23.53
008.560000 23.91
008.570000 23.37
008.580000 24.26
008.590000 24.40
008.600000 22.87
008.610000 24.11
008.620000 24.97
008.630000 23.13
008.640000 24.03
008.650000 23.76
008.660000 24.25
008.670000 24.62
008.680000 23.12
008.690000 22.76
008.700000 23.90
008.710000 24.52
008.720000 23.82
008.730000 23.80
008.740000 23.76
008.750000 24.51
008.760000 24.14
008.770000 24.88
008.780000 24.67
008.790000 24.22
008.800000 25.12
008.810000 24.97
008.820000 23.28
008.830000 23.57
008.840000 24.27
008.850000 23.57
008.860000 23.80
008.870000 23.52
008.880000 24.25
008.890000 23.96
008.900000 23.85
008.910000 24.01
008.920000 24.39
008.930000 24.00
008.940000 25.20
008.950000 24.68
008.960000 23.43
008.970000 23.54
008.980000 24.55
008.990000 24.17
009.000000 23.62
009.010000 23.56
009.020000 23.31
009.030000 23.09
009.040000 24.26
009.050000 23.53
009.060000 23.56
009.070000 23.76
009.080000 23.37
009.090000 23.51
009.100000 24.77
009.110000 24.52
009.120000 23.60
009.130000 23.92
009.140000 24.06
009.150000 24.55
009.160000 22.76
009.170000 23.68
009.180000 23.83
009.190000 24.16
009.200000 24.50
009.210000 23.21
009.220000 23.08
009.230000 22.37
009.240000 24.43
009.250000 23.27
009.260000 23.66
009.270000 23.86
009.280000 24.07
009.290000 24.07
009.300000 23.45
009.310000 23.45
009.320000 22.55
009.330000 24.66
009.340000 25.17
009.350000 23.94
009.360000 22.98
009.370000 24.35
009.380000 23.61
009.390000 24.17
009.400000 23.52
009.410000 24.79
009.420000 24.41
009.430000 24.82
009.440000 24.30
009.450000 23.97
009.460000 23.22
009.470000 23.61
009.480000 24.55
009.490000 24.00
009.500000 23.54
009.510000 24.42
009.520000 23.03
009.530000 24.56
009.540000 24.41
009.550000 24.05
009.560000 23.41
009.570000 21.68
009.580000 23.13
009.590000 22.44
009.600000 23.57
009.610000 23.79
009.620000 23.67
009.630000 24.15
009.640000 24.32
009.650000 24.02
009.660000 23.70
009.670000 22.52
009.680000 23.12
009.690000 23.65
009.700000 24.26
009.710000 24.02
009.720000 24.80
009.730000 24.19
009.740000 24.56
009.750000 23.88
009.760000 23.74
009.770000 23.99
009.780000 22.92
009.790000 24.59
009.800000 24.84
009.810000 24.83
009.820000 23.74
009.830000 24.06
009.840000 24.42
009.850000 24.27
009.860000 22.73
009.870000 25.17
009.880000 23.90
009.890000 24.12
009.900000 23.97
009.910000 23.60
009.920000 24.12
009.930000 23.30
009.940000 22.94
009.950000 24.74
009.960000 25.42
009.970000 24.05
009.980000 24.00
009.990000 23.77
010.000000 23.90
010.010000 24.34
010.020000 24.67
010.030000 23.54
010.040000 23.40
010.050000 23.39
010.060000 23.43
010.070000 23.75
010.080000 23.35
010.090000 23.11
010.100000 23.86
010.110000 23.86
010.120000 24.46
010.130000 24.68
010.140000 23.42
010.150000 23.98
010.160000 24.80
010.170000 23.64
010.180000 23.94
010.190000 23.97
010.200000 24.02
010.210000 24.58
010.220000 26.03
010.230000 23.72
010.240000 22.88
010.250000 23.53
010.260000 23.85
010.270000 25.88
010.280000 24.17
010.290000 23.45
010.300000 22.84
010.310000 22.91
010.320000 23.45
010.330000 24.07
010.340000 24.66
010.350000 23.87
010.360000 24.10
010.370000 23.71
010.380000 25.01
010.390000 24.77
010.400000 23.50
010.410000 24.39
010.420000 24.28
010.430000 22.60
010.440000 25.00
010.450000 24.03
010.460000 23.21
010.470000 24.22
010.480000 22.59
010.490000 22.65
010.500000 23.47
010.510000 23.51
010.520000 25.23
010.530000 24.24
010.540000 24.64
010.550000 23.98
010.560000 23.28
010.570000 23.78
010.580000 23.61
010.590000 24.00
010.600000 24.91
010.610000 23.54
010.620000 24.10
010.630000 23.66
010.640000 24.05
010.650000 24.72
010.660000 22.77
010.670000 24.32
010.680000 24.19
010.690000 25.74
010.700000 24.45
010.710000 24.37
010.720000 23.02
010.730000 23.75
010.740000 23.18
010.750000 24.60
010.760000 24.00
010.770000 24.11
010.780000 24.19
010.790000 24.46
010.800000 22.78
010.810000 24.23
010.820000 24.86
010.830000 24.09
010.840000 24.05
010.850000 23.45
010.860000 24.17
010.870000 24.35
010.880000 24.71
010.890000 25.24
010.900000 24.09
010.910000 23.18
010.920000 24.32
010.930000 23.51
010.940000 23.39
010.950000 23.78
010.960000 23.75
010.970000 23.76
010.980000 24.73
010.990000 23.42
011.000000 22.86
011.010000 23.50
011.020000 24.00
011.030000 24.63
011.040000 23.46
011.050000 24.45
011.060000 24.02
011.070000 23.83
011.080000 24.79
011.090000 23.70
011.100000 24.83
011.110000 24.27
011.120000 24.37
011.130000 23.47
011.140000 24.23
011.150000 24.26
011.160000 24.10
011.170000 23.80
011.180000 23.34
011.190000 24.09
011.200000 24.87
011.210000 23.89
011.220000 24.26
011.230000 23.58
011.240000 24.03
011.250000 24.71
011.260000 23.70
011.270000 24.57
011.280000 23.90
011.290000 24.46
011.300000 23.89
011.310000 23.59
011.320000 23.60
011.330000 23.48
011.340000 23.28
011.350000 24.75
011.360000 23.64
011.370000 24.30
011.380000 24.43
011.390000 23.23
011.400000 23.56
011.410000 23.26
011.420000 24.05
011.430000 22.19
011.440000 23.29
011.450000 24.25
011.460000 25.10
011.470000 23.79
011.480000 23.53
011.490000 23.27
011.500000 23.61
011.510000 23.67
011.520000 24.86
011.530000 23.69
011.540000 24.77
011.550000 23.60
011.560000 23.81
011.570000 23.13
011.580000 24.02
011.590000 23.93
011.600000 23.41
011.610000 23.48
011.620000 23.63
011.630000 24.55
011.640000 23.87
011.650000 23.10
011.660000 23.34
011.670000 24.15
011.680000 24.81
011.690000 23.48
011.700000 24.55
011.710000 23.56
011.720000 23.97
011.730000 24.66
011.740000 23.44
011.750000 25.35
011.760000 24.30
011.770000 23.58
011.780000 24.19
011.790000 23.37
011.800000 24.86
011.810000 23.69
011.820000 24.48
011.830000 23.78
011.840000 23.20
011.850000 23.66
011.860000 23.64
011.870000 24.17
011.880000 23.83
011.890000 24.57
011.900000 25.61
011.910000 23.68
011.920000 23.94
011.930000 23.90
011.940000 23.69
011.950000 23.76
011.960000 23.68
011.970000 23.75
011.980000 23.52
011.990000 24.61
012.000000 24.54
012.010000 24.04
012.020000 23.83
012.030000 24.34
012.040000 21.88
012.050000 24.87
012.060000 23.66
012.070000 22.32
012.080000 23.55
012.090000 22.92
012.100000 24.27
012.110000 23.99
012.120000 23.99
012.130000 23.52
012.140000 22.55
012.150000 24.28
012.160000 23.75
012.170000 24.16
012.180000 24.14
012.190000 22.10
012.200000 23.18
012.210000 24.12
012.220000 24.17
012.230000 24.00
012.240000 24.35
012.250000 24.63
012.260000 23.77
012.270000 23.13
012.280000 24.20
012.290000 24.81
012.300000 22.80
012.310000 24.66
012.320000 24.26
012.330000 24.16
012.340000 22.96
012.350000 24.16
012.360000 24.09
012.370000 22.75
012.380000 23.90
012.390000 23.60
012.400000 24.21
012.410000 23.68
012.420000 24.21
012.430000 23.39
012.440000 23.99
012.450000 22.91
012.460000 23.95
012.470000 22.36
012.480000 23.95
012.490000 25.12
012.500000 22.87
012.510000 23.89
012.520000 23.93
012.530000 23.40
012.540000 24.70
012.550000 23.00
012.560000 24.07
012.570000 23.90
012.580000 23.39
012.590000 23.72
012.600000 24.08
012.610000 24.43
012.620000 24.80
012.630000 23.85
012.640000 23.41
012.650000 23.50
012.660000 23.52
012.670000 22.64
012.680000 24.69
012.690000 24.27
012.700000 23.49
012.710000 23.41
012.720000 23.66
012.730000 24.48
012.740000 23.93
012.750000 24.72
012.760000 22.91
012.770000 23.57
012.780000 23.62
012.790000 23.80
012.800000 23.58
012.810000 23.26
012.820000 22.93
012.830000 24.27
012.840000 23.29
012.850000 24.49
012.860000 24.16
012.870000 24.60
012.880000 23.73
012.890000 23.72
012.900000 24.53
012.910000 23.26
012.920000 23.48
012.930000 24.39
012.940000 23.74
012.950000 24.21
012.960000 23.48
012.970000 23.58
012.980000 23.55
012.990000 23.53
013.000000 24.39
013.010000 23.46
013.020000 24.48
013.030000 22.31
013.040000 24.33
013.050000 24.82
013.060000 24.91
013.070000 22.94
013.080000 24.01
013.090000 23.78
013.100000 23.20
013.110000 23.46
013.120000 23.79
013.130000 23.17
013.140000 22.93
013.150000 23.94
013.160000 24.38
013.170000 23.23
013.180000 23.46
013.190000 24.90
013.200000 24.24
013.210000 23.43
013.220000 24.23
013.230000 24.56
013.240000 23.00
013.250000 23.12
013.260000 22.34
013.270000 25.36
013.280000 23.86
013.290000 24.20
013.300000 23.32
013.310000 23.78
013.320000 24.23
013.330000 22.96
013.340000 24.31
013.350000 23.80
013.360000 24.76
013.370000 25.26
013.380000 23.78
013.390000 23.72
013.400000 23.55
013.410000 24.03
013.420000 23.27
013.430000 23.94
013.440000 23.86
013.450000 23.32
013.460000 23.69
013.470000 23.97
013.480000 23.39
013.490000 23.52
013.500000 24.27
013.510000 23.97
013.520000 24.17
013.530000 24.15
013.540000 23.46
013.550000 24.11
013.560000 22.85
013.570000 23.19
013.580000 23.41
013.590000 24.09
013.600000 24.57
013.610000 23.52
013.620000 24.31
013.630000 23.85
013.640000 21.94
013.650000 23.32
013.660000 24.27
013.670000 24.75
013.680000 23.71
013.690000 22.98
013.700000 23.52
013.710000 23.54
013.720000 23.94
013.730000 25.03
013.740000 24.44
013.750000 25.86
013.760000 24.15
013.770000 22.80
013.780000 23.58
013.790000 23.76
013.800000 24.61
013.810000 23.09
013.820000 23.80
013.830000 23.24
013.840000 23.54
013.850000 24.17
013.860000 23.56
013.870000 24.89
013.880000 23.41
013.890000 23.92
013.900000 24.43
013.910000 23.69
013.920000 23.99
013.930000 23.08
013.940000 23.66
013.950000 23.51
013.960000 23.74
013.970000 23.91
013.980000 23.06
013.990000 24.24
014.000000 23.78
014.010000 23.62
014.020000 24.37
014.030000 24.24
014.040000 24.76
014.050000 24.21
014.060000 23.60
014.070000 24.75
014.080000 24.68
014.090000 23.08
014.100000 23.74
014.110000 23.77
014.120000 23.91
014.130000 23.29
014.140000 24.10
014.150000 24.08
014.160000 23.79
014.170000 23.90
014.180000 23.81
014.190000 24.36
014.200000 23.82
014.210000 23.88
014.220000 25.72
014.230000 23.99
014.240000 23.53
014.250000 23.98
014.260000 23.78
014.270000 23.90
014.280000 23.70
014.290000 23.47
014.300000 23.43
014.310000 23.46
014.320000 23.71
014.330000 23.44
014.340000 24.83
014.350000 23.84
014.360000 24.60
014.370000 23.58
014.380000 23.85
014.390000 23.68
014.400000 22.46
014.410000 23.95
014.420000 23.97
014.430000 22.77
014.440000 24.11
014.450000 23.33
014.460000 23.85
014.470000 24.04
014.480000 23.46
014.490000 23.32
014.500000 23.49
014.510000 25.03
014.520000 23.63
014.530000 22.16
014.540000 24.14
014.550000 24.40
014.560000 23.27
014.570000 23.67
014.580000 25.19
014.590000 24.14
014.600000 24.01
014.610000 23.19
014.620000 24.16
014.630000 23.73
014.640000 23.18
014.650000 23.85
014.660000 22.94
014.670000 24.00
014.680000 24.10
014.690000 23.80
014.700000 24.21
014.710000 24.80
014.720000 23.44
014.730000 24.09
014.740000 23.29
014.750000 22.99
014.760000 23.26
014.770000 23.90
014.780000 23.78
014.790000 23.34
014.800000 23.62
014.810000 24.90
014.820000 23.64
014.830000 23.28
014.840000 24.03
014.850000 23.33
014.860000 24.98
014.870000 23.37
014.880000 24.88
014.890000 23.75
014.900000 24.20
014.910000 22.94
014.920000 24.53
014.930000 23.97
014.940000 23.16
014.950000 24.26
014.960000 23.40
014.970000 23.65
014.980000 24.31
014.990000 23.26
015.000000 24.18
015.010000 24.13
015.020000 23.26
015.030000 24.04
015.040000 25.00
015.050000 24.26
015.060000 22.53
015.070000 24.13
015.080000 23.29
015.090000 23.79
015.100000 23.43
015.110000 23.48
015.120000 24.82
015.130000 25.13
015.140000 23.30
015.150000 23.85
015.160000 24.04
015.170000 24.52
015.180000 25.21
015.190000 23.75
015.200000 24.50
015.210000 24.19
015.220000 23.26
015.230000 23.49
015.240000 23.62
015.250000 23.97
015.260000 23.46
015.270000 22.98
015.280000 23.70
015.290000 23.92
015.300000 23.19
015.310000 22.77
015.320000 25.23
015.330000 23.55
015.340000 24.35
015.350000 23.48
015.360000 24.66
015.370000 24.08
015.380000 24.22
015.390000 23.24
015.400000 23.93
015.410000 23.89
015.420000 23.97
015.430000 23.59
015.440000 25.05
015.450000 23.96
015.460000 24.05
015.470000 23.22
015.480000 24.00
015.490000 24.03
015.500000 23.96
015.510000 23.94
015.520000 24.09
015.530000 25.19
015.540000 23.53
015.550000 24.68
015.560000 22.57
015.570000 23.33
015.580000 24.19
015.590000 23.79
015.600000 24.42
015.610000 23.79
015.620000 24.56
015.630000 23.71
015.640000 24.19
015.650000 23.90
015.660000 23.97
015.670000 24.00
015.680000 24.00
015.690000 23.30
015.700000 22.54
015.710000 23.86
015.720000 23.94
015.730000 23.76
015.740000 23.97
015.750000 22.66
015.760000 24.22
015.770000 23.83
015.780000 23.47
015.790000 24.24
015.800000 25.37
015.810000 24.36
015.820000 24.47
015.830000 24.07
015.840000 23.72
015.850000 23.28
015.860000 24.20
015.870000 23.78
015.880000 23.95
015.890000 24.06
015.900000 23.51
015.910000 23.70
015.920000 23.86
015.930000 24.11
015.940000 23.38
015.950000 24.45
015.960000 23.72
015.970000 24.26
015.980000 23.73
015.990000 23.76
016.000000 22.96
016.010000 23.17
016.020000 23.84
016.030000 23.79
016.040000 23.43
016.050000 24.29
016.060000 23.68
016.070000 25.00
016.080000 24.00
016.090000 24.02
016.100000 24.83
016.110000 24.61
016.120000 23.86
016.130000 24.23
016.140000 24.21
016.150000 24.80
016.160000 22.73
016.170000 23.64
016.180000 24.75
016.190000 22.30
016.200000 22.84
016.210000 23.64
016.220000 23.56
016.230000 22.43
016.240000 23.85
016.250000 24.68
016.260000 23.85
016.270000 23.37
016.280000 23.01
016.290000 24.18
016.300000 24.44
016.310000 23.98
016.320000 24.30
016.330000 23.17
016.340000 23.18
016.350000 23.92
016.360000 24.48
016.370000 22.61
016.380000 23.30
016.390000 23.85
016.400000 24.76
016.410000 23.20
016.420000 25.14
016.430000 24.11
016.440000 24.19
016.450000 23.02
016.460000 23.79
016.470000 24.98
016.480000 24.51
016.490000 24.42
016.500000 23.06
016.510000 23.98
016.520000 23.50
016.530000 22.99
016.540000 23.57
016.550000 23.95
016.560000 24.28
016.570000 24.70
016.580000 23.84
016.590000 23.66
016.600000 23.27
016.610000 24.26
016.620000 23.93
016.630000 23.95
016.640000 24.79
016.650000 22.86
016.660000 23.67
016.670000 23.61
016.680000 23.47
016.690000 22.92
016.700000 24.51
016.710000 25.36
016.720000 24.08
016.730000 24.26
016.740000 23.05
016.750000 24.17
016.760000 24.18
016.770000 23.52
016.780000 24.85
016.790000 23.79
016.800000 23.73
016.810000 23.73
016.820000 24.84
016.830000 23.28
016.840000 23.63
016.850000 23.78
016.860000 24.03
016.870000 23.92
016.880000 24.10
016.890000 23.67
016.900000 24.72
016.910000 23.60
016.920000 23.43
016.930000 23.93
016.940000 22.99
016.950000 23.59
016.960000 24.04
016.970000 24.25
016.980000 23.80
016.990000 23.79
017.000000 24.52
017.010000 23.83
017.020000 23.70
017.030000 23.23
017.040000 23.95
017.050000 24.52
017.060000 24.61
017.070000 23.59
017.080000 24.80
017.090000 25.02
017.100000 24.08
017.110000 23.17
017.120000 24.74
017.130000 24.48
017.140000 25.23
017.150000 24.15
017.160000 24.39
017.170000 23.64
017.180000 24.07
017.190000 24.25
017.200000 24.80
017.210000 24.88
017.220000 24.61
017.230000 23.10
017.240000 24.22
017.250000 24.06
017.260000 25.22
017.270000 24.16
017.280000 22.84
017.290000 24.35
017.300000 23.88
017.310000 23.34
017.320000 24.14
017.330000 23.37
017.340000 23.46
017.350000 23.49
017.360000 23.32
017.370000 23.45
017.380000 24.54
017.390000 25.38
017.400000 25.33
017.410000 24.38
017.420000 24.52
017.430000 24.47
017.440000 23.14
017.450000 23.20
017.460000 24.49
017.470000 22.56
017.480000 23.69
017.490000 24.31
017.500000 22.97
017.510000 24.45
017.520000 23.74
017.530000 23.14
017.540000 23.31
017.550000 23.59
017.560000 23.69
017.570000 23.58
017.580000 23.64
017.590000 23.75
017.600000 23.24
017.610000 23.70
017.620000 23.82
017.630000 24.04
017.640000 23.56
017.650000 23.69
017.660000 23.88
017.670000 24.07
017.680000 24.29
017.690000 23.79
017.700000 23.99
017.710000 24.11
017.720000 24.74
017.730000 23.92
017.740000 23.95
017.750000 22.90
017.760000 24.03
017.770000 23.55
017.780000 23.90
017.790000 24.14
017.800000 23.58
017.810000 23.87
017.820000 23.49
017.830000 24.51
017.840000 24.36
017.850000 23.44
017.860000 23.53
017.870000 24.05
017.880000 23.56
017.890000 24.51
017.900000 24.76
017.910000 23.23
017.920000 24.94
017.930000 23.68
017.940000 23.04
017.950000 24.67
017.960000 24.61
017.970000 23.70
017.980000 22.82
017.990000 24.60
018.000000 24.16
018.010000 24.80
018.020000 23.75
018.030000 23.60
018.040000 23.39
018.050000 23.17
018.060000 23.22
018.070000 24.29
018.080000 25.25
018.090000 22.58
018.100000 23.96
018.110000 25.12
018.120000 23.25
018.130000 23.31
018.140000 23.55
018.150000 24.34
018.160000 23.42
018.170000 25.67
018.180000 23.57
018.190000 25.32
018.200000 25.05
018.210000 23.56
018.220000 23.58
018.230000 23.97
018.240000 23.52
018.250000 24.39
018.260000 24.04
018.270000 24.16
018.280000 22.95
018.290000 23.83
018.300000 24.20
018.310000 24.57
018.320000 23.91
018.330000 23.24
018.340000 23.20
018.350000 24.18
018.360000 23.63
018.370000 25.79
018.380000 23.69
018.390000 23.93
018.400000 24.21
018.410000 23.24
018.420000 24.62
018.430000 23.64
018.440000 23.71
018.450000 23.99
018.460000 24.33
018.470000 23.52
018.480000 23.47
018.490000 22.91
018.500000 23.26
018.510000 23.73
018.520000 23.35
018.530000 24.88
018.540000 24.98
018.550000 22.74
018.560000 23.75
018.570000 23.77
018.580000 23.62
018.590000 23.15
018.600000 24.47
018.610000 23.21
018.620000 24.41
018.630000 24.16
018.640000 23.83
018.650000 23.53
018.660000 24.69
018.670000 24.51
018.680000 24.54
018.690000 23.69
018.700000 23.23
018.710000 23.90
018.720000 24.17
018.730000 24.22
018.740000 24.11
018.750000 21.49
018.760000 24.22
018.770000 23.18
018.780000 23.35
018.790000 23.47
018.800000 23.36
018.810000 23.79
018.820000 24.21
018.830000 23.92
018.840000 24.13
018.850000 22.68
018.860000 24.73
018.870000 22.14
018.880000 23.24
018.890000 23.84
018.900000 24.22
018.910000 22.77
018.920000 23.99
018.930000 23.62
018.940000 23.38
018.950000 24.59
018.960000 24.52
018.970000 24.58
018.980000 22.65
018.990000 23.85
019.000000 24.12
019.010000 24.50
019.020000 24.72
019.030000 23.56
019.040000 24.75
019.050000 22.65
019.060000 23.38
019.070000 24.70
019.080000 23.64
019.090000 24.49
019.100000 23.47
019.110000 23.36
019.120000 24.23
019.130000 23.89
019.140000 24.04
019.150000 23.62
019.160000 23.54
019.170000 24.53
019.180000 23.73
019.190000 23.41
019.200000 23.02
019.210000 24.34
019.220000 24.35
019.230000 23.51
019.240000 23.73
019.250000 23.55
019.260000 23.80
019.270000 24.05
019.280000 23.62
019.290000 23.94
019.300000 23.48
019.310000 23.13
019.320000 24.07
019.330000 24.68
019.340000 22.96
019.350000 24.97
019.360000 22.75
019.370000 23.27
019.380000 24.02
019.390000 23.04
019.400000 23.11
019.410000 23.93
019.420000 24.30
019.430000 23.44
019.440000 23.93
019.450000 24.00
019.460000 24.48
019.470000 24.49
019.480000 24.63
019.490000 24.07
019.500000 23.08
019.510000 24.43
019.520000 23.75
019.530000 22.78
019.540000 23.85
019.550000 23.15
019.560000 25.01
019.570000 23.97
019.580000 23.20
019.590000 23.45
019.600000 23.05
019.610000 23.68
019.620000 24.27
019.630000 24.57
019.640000 24.15
019.650000 24.22
019.660000 24.72
019.670000 22.31
019.680000 23.48
019.690000 24.34
019.700000 23.82
019.710000 24.71
019.720000 24.98
019.730000 24.63
019.740000 23.67
019.750000 23.97
019.760000 24.40
019.770000 24.93
019.780000 25.25
019.790000 23.66
019.800000 23.56
019.810000 23.44
019.820000 24.16
019.830000 22.99
019.840000 24.58
019.850000 24.36
019.860000 23.48
019.870000 25.08
019.880000 23.51
019.890000 24.51
019.900000 23.99
019.910000 23.87
019.920000 23.06
019.930000 24.63
019.940000 23.35
019.950000 23.51
019.960000 24.53
019.970000 24.81
019.980000 22.43
019.990000 24.67
020.000000 22.57
020.010000 23.54
020.020000 24.06
020.030000 24.47
020.040000 24.21
020.050000 23.68
020.060000 24.20
020.070000 23.61
020.080000 22.94
020.090000 23.61
020.100000 23.25
020.110000 23.02
020.120000 23.38
020.130000 23.74
020.140000 22.61
020.150000 24.03
020.160000 25.04
020.170000 24.02
020.180000 24.12
020.190000 23.88
020.200000 24.45
020.210000 23.64
020.220000 23.89
020.230000 23.29
020.240000 23.99
020.250000 24.75
020.260000 23.88
020.270000 24.46
020.280000 23.55
020.290000 23.87
020.300000 24.37
020.310000 23.93
020.320000 23.59
020.330000 23.47
020.340000 24.13
020.350000 23.30
020.360000 23.37
020.370000 23.56
020.380000 23.76
020.390000 24.68
020.400000 23.96
020.410000 24.40
020.420000 23.53
020.430000 24.61
020.440000 24.11
020.450000 23.61
020.460000 23.27
020.470000 24.26
020.480000 24.66
020.490000 24.00
020.500000 22.24
020.510000 24.37
020.520000 24.01
020.530000 24.82
020.540000 24.00
020.550000 24.32
020.560000 23.29
020.570000 23.30
020.580000 24.62
020.590000 23.40
020.600000 23.53
020.610000 23.84
020.620000 24.41
020.630000 23.12
020.640000 23.90
020.650000 23.57
020.660000 23.90
020.670000 25.13
020.680000 24.82
020.690000 23.64
020.700000 23.96
020.710000 23.05
020.720000 23.24
020.730000 24.69
020.740000 23.19
020.750000 23.32
020.760000 23.34
020.770000 23.15
020.780000 23.77
020.790000 24.61
020.800000 24.15
020.810000 23.21
020.820000 23.89
020.830000 24.73
020.840000 24.95
020.850000 23.71
020.860000 23.71
020.870000 23.33
020.880000 23.04
020.890000 23.82
020.900000 24.26
020.910000 24.31
020.920000 22.63
020.930000 25.56
020.940000 23.69
020.950000 24.28
020.960000 23.65
020.970000 24.36
020.980000 24.32
020.990000 25.02
021.000000 23.96
021.010000 24.24
021.020000 23.93
021.030000 24.83
021.040000 24.14
021.050000 24.32
021.060000 23.38
021.070000 23.12
021.080000 24.86
021.090000 23.79
021.100000 22.42
021.110000 24.69
021.120000 24.32
021.130000 23.48
021.140000 25.45
021.150000 24.10
021.160000 24.58
021.170000 24.13
021.180000 24.07
021.190000 23.77
021.200000 24.64
021.210000 23.37
021.220000 23.65
021.230000 24.38
021.240000 25.17
021.250000 24.39
021.260000 25.15
021.270000 24.72
021.280000 23.56
021.290000 23.95
021.300000 23.18
021.310000 23.59
021.320000 23.69
021.330000 23.92
021.340000 24.06
021.350000 23.75
021.360000 24.12
021.370000 25.62
021.380000 22.99
021.390000 24.44
021.400000 23.90
021.410000 24.34
021.420000 23.74
021.430000 24.06
021.440000 23.49
021.450000 23.95
021.460000 23.28
021.470000 23.13
021.480000 23.20
021.490000 23.87
021.500000 23.80
021.510000 24.77
021.520000 23.53
021.530000 24.07
021.540000 24.02
021.550000 24.41
021.560000 24.08
021.570000 24.22
021.580000 23.89
021.590000 23.59
021.600000 24.12
021.610000 22.59
021.620000 23.93
021.630000 23.48
021.640000 23.35
021.650000 23.64
021.660000 24.61
021.670000 24.95
021.680000 23.71
021.690000 23.78
021.700000 24.00
021.710000 24.13
021.720000 23.90
021.730000 23.96
021.740000 24.42
021.750000 24.33
021.760000 24.51
021.770000 24.62
021.780000 23.64
021.790000 23.86
021.800000 23.74
021.810000 23.56
021.820000 23.55
021.830000 23.83
021.840000 23.80
021.850000 23.82
021.860000 24.13
021.870000 24.43
021.880000 25.22
021.890000 24.82
021.900000 24.26
021.910000 24.00
021.920000 23.48
021.930000 23.77
021.940000 23.66
021.950000 23.79
021.960000 23.43
021.970000 23.87
021.980000 24.20
021.990000 23.33
022.000000 24.32
022.010000 24.14
022.020000 23.76
022.030000 23.16
022.040000 24.05
022.050000 23.29
022.060000 23.07
022.070000 23.14
022.080000 23.76
022.090000 24.00
022.100000 24.74
022.110000 24.18
022.120000 24.53
022.130000 23.12
022.140000 24.00
022.150000 23.48
022.160000 23.47
022.170000 24.17
022.180000 24.28
022.190000 23.73
022.200000 23.49
022.210000 23.59
022.220000 24.38
022.230000 22.92
022.240000 24.96
022.250000 22.63
022.260000 24.80
022.270000 23.20
022.280000 24.55
022.290000 23.86
022.300000 23.50
022.310000 22.93
022.320000 23.22
022.330000 24.36
022.340000 23.61
022.350000 24.47
022.360000 23.17
022.370000 24.61
022.380000 22.81
022.390000 24.44
022.400000 23.74
022.410000 23.94
022.420000 24.63
022.430000 24.98
022.440000 23.52
022.450000 23.86
022.460000 24.55
022.470000 23.62
022.480000 24.75
022.490000 22.70
022.500000 22.90
022.510000 24.32
022.520000 24.30
022.530000 23.43
022.540000 23.74
022.550000 23.96
022.560000 24.20
022.570000 23.75
022.580000 24.20
022.590000 25.00
022.600000 24.10
022.610000 24.45
022.620000 23.95
022.630000 23.75
022.640000 24.94
022.650000 23.66
022.660000 23.97
022.670000 25.01
022.680000 23.67
022.690000 23.30
022.700000 23.71
022.710000 23.51
022.720000 23.67
022.730000 23.60
022.740000 24.48
022.750000 23.10
022.760000 24.53
022.770000 23.97
022.780000 23.21
022.790000 24.36
022.800000 24.43
022.810000 23.10
022.820000 23.76
022.830000 24.29
022.840000 24.58
022.850000 24.65
022.860000 23.50
022.870000 23.78
022.880000 24.16
022.890000 24.33
022.900000 23.88
022.910000 23.84
022.920000 24.41
022.930000 23.43
022.940000 23.80
022.950000 23.53
022.960000 23.63
022.970000 23.26
022.980000 24.98
022.990000 24.06
023.000000 23.80
023.010000 22.98
023.020000 24.30
023.030000 24.41
023.040000 23.36
023.050000 23.74
023.060000 24.40
023.070000 24.36
023.080000 23.62
023.090000 24.25
023.100000 24.73
023.110000 23.52
023.120000 24.34
023.130000 25.40
023.140000 24.76
023.150000 24.02
023.160000 24.04
023.170000 24.09
023.180000 24.15
023.190000 23.94
023.200000 24.53
023.210000 24.86
023.220000 23.79
023.230000 23.98
023.240000 24.12
023.250000 23.90
023.260000 22.86
023.270000 23.67
023.280000 24.34
023.290000 23.98
023.300000 23.53
023.310000 24.64
023.320000 23.78
023.330000 24.13
023.340000 23.85
023.350000 23.02
023.360000 23.91
023.370000 23.74
023.380000 24.05
023.390000 23.17
023.400000 24.65
023.410000 22.86
023.420000 24.49
023.430000 24.36
023.440000 23.15
023.450000 23.79
023.460000 23.68
023.470000 23.23
023.480000 23.57
023.490000 24.75
023.500000 23.52
023.510000 23.78
023.520000 24.18
023.530000 24.08
023.540000 24.08
023.550000 25.11
023.560000 23.85
023.570000 23.98
023.580000 23.86
023.590000 23.56
023.600000 23.60
023.610000 24.08
023.620000 24.47
023.630000 24.36
023.640000 24.19
023.650000 23.79
023.660000 23.70
023.670000 24.37
023.680000 24.27
023.690000 24.64
023.700000 23.34
023.710000 24.79
023.720000 23.94
023.730000 23.50
023.740000 24.30
023.750000 24.38
023.760000 22.79
023.770000 23.26
023.780000 24.01
023.790000 23.71
023.800000 24.64
023.810000 23.34
023.820000 24.30
023.830000 23.76
023.840000 23.97
023.850000 23.64
023.860000 23.44
023.870000 23.85
023.880000 23.72
023.890000 23.76
023.900000 23.70
023.910000 24.56
023.920000 24.37
023.930000 23.00
023.940000 24.74
023.950000 23.60
023.960000 24.34
023.970000 23.47
023.980000 23.93
023.990000 23.71
024.000000 23.40
024.010000 22.67
024.020000 23.83
024.030000 24.60
024.040000 24.55
024.050000 24.39
024.060000 24.28
024.070000 23.46
024.080000 24.67
024.090000 24.34
024.100000 23.06
024.110000 24.93
024.120000 23.05
024.130000 24.57
024.140000 23.24
024.150000 24.63
024.160000 23.59
024.170000 22.87
024.180000 22.73
024.190000 23.91
024.200000 25.15
024.210000 25.07
024.220000 22.85
024.230000 24.47
024.240000 24.65
024.250000 24.19
024.260000 23.08
024.270000 23.33
024.280000 24.61
024.290000 24.41
024.300000 24.12
024.310000 24.21
024.320000 24.25
024.330000 23.98
024.340000 24.06
024.350000 27.16
024.360000 17.82
024.370000 19.16
024.380000 20.39
024.390000 20.88
024.400000 22.94
024.410000 20.30
024.420000 20.12
024.430000 18.69
024.440000 19.28
024.450000 22.38
024.460000 22.89
024.470000 24.29
024.480000 24.40
024.490000 23.70
024.500000 25.59
024.510000 23.56
024.520000 24.58
024.530000 23.92
024.540000 24.34
024.550000 24.56
024.560000 24.02
024.570000 25.37
024.580000 24.08
024.590000 24.18
024.600000 22.50
024.610000 24.03
024.620000 23.30
024.630000 24.89
024.640000 24.11
024.650000 24.45
024.660000 22.29
024.670000 23.81
024.680000 24.46
024.690000 24.45
024.700000 24.00
024.710000 25.47
024.720000 22.85
024.730000 23.95
024.740000 24.30
024.750000 24.73
024.760000 23.74
024.770000 24.47
024.780000 24.60
024.790000 25.08
024.800000 25.50
024.810000 23.85
024.820000 23.30
024.830000 24.56
024.840000 23.31
024.850000 24.59
024.860000 24.31
024.870000 23.28
024.880000 24.50
024.890000 23.80
024.900000 22.20
024.910000 23.38
024.920000 25.18
024.930000 23.81
024.940000 23.04
024.950000 23.33
024.960000 25.27
024.970000 24.35
024.980000 24.02
024.990000 23.81
025.000000 23.32
025.010000 23.74
025.020000 24.90
025.030000 22.94
025.040000 23.92
025.050000 25.48
025.060000 24.65
025.070000 24.15
025.080000 23.57
025.090000 24.28
025.100000 23.87
025.110000 23.57
025.120000 23.02
025.130000 24.03
025.140000 24.23
025.150000 24.97
025.160000 24.76
025.170000 24.68
025.180000 23.39
025.190000 24.73
025.200000 23.20
025.210000 23.34
025.220000 23.73
025.230000 23.32
025.240000 24.89
025.250000 24.58
025.260000 24.17
025.270000 24.82
025.280000 23.08
025.290000 23.69
025.300000 23.25
025.310000 24.53
025.320000 24.62
025.330000 22.34
025.340000 23.66
025.350000 24.45
025.360000 23.62
025.370000 24.74
025.380000 23.64
025.390000 24.42
025.400000 23.72
025.410000 24.87
025.420000 24.13
025.430000 23.54
025.440000 23.61
025.450000 24.13
025.460000 25.00
025.470000 24.94
025.480000 23.85
025.490000 22.93
025.500000 23.81
025.510000 24.19
025.520000 22.46
025.530000 24.70
025.540000 24.87
025.550000 22.54
025.560000 24.61
025.570000 24.85
025.580000 24.71
025.590000 23.19
025.600000 23.55
025.610000 23.24
025.620000 23.59
025.630000 23.86
025.640000 24.38
025.650000 23.84
025.660000 23.92
025.670000 23.75
025.680000 23.53
025.690000 22.90
025.700000 24.48
025.710000 23.75
025.720000 23.42
025.730000 23.89
025.740000 23.11
025.750000 22.48
025.760000 23.73
025.770000 23.69
025.780000 25.33
025.790000 24.37
025.800000 24.23
025.810000 24.50
025.820000 24.00
025.830000 23.34
025.840000 23.53
025.850000 24.97
025.860000 24.07
025.870000 24.46
025.880000 24.96
025.890000 24.71
025.900000 23.33
025.910000 22.96
025.920000 24.77
025.930000 24.17
025.940000 23.40
025.950000 25.09
025.960000 23.06
025.970000 24.29
025.980000 23.34
025.990000 24.87
026.000000 23.02
026.010000 23.76
026.020000 23.76
026.030000 24.14
026.040000 23.56
026.050000 23.72
026.060000 24.44
026.070000 23.83
026.080000 23.71
026.090000 23.45
026.100000 24.56
026.110000 23.18
026.120000 22.31
026.130000 24.35
026.140000 23.50
026.150000 24.60
026.160000 22.81
026.170000 23.56
026.180000 23.70
026.190000 23.88
026.200000 23.24
026.210000 24.03
026.220000 22.92
026.230000 23.92
026.240000 24.34
026.250000 23.50
026.260000 23.55
026.270000 22.78
026.280000 23.36
026.290000 25.56
026.300000 23.86
026.310000 23.99
026.320000 24.60
026.330000 24.54
026.340000 24.13
026.350000 23.20
026.360000 23.63
026.370000 23.58
026.380000 23.63
026.390000 23.52
026.400000 23.81
026.410000 24.15
026.420000 23.54
026.430000 24.22
026.440000 24.23
026.450000 24.72
026.460000 23.29
026.470000 24.29
026.480000 24.00
026.490000 24.50
026.500000 24.51
026.510000 23.04
026.520000 24.44
026.530000 23.81
026.540000 24.77
026.550000 24.83
026.560000 23.74
026.570000 24.38
026.580000 24.44
026.590000 23.88
026.600000 22.57
026.610000 24.12
026.620000 24.21
026.630000 24.49
026.640000 24.00
026.650000 22.30
026.660000 0.00
026.670000 0.00
026.680000 0.00
026.690000 0.00
026.700000 0.00
026.710000 0.00
026.720000 0.00
026.730000 0.00
026.740000 0.00
026.750000 0.00
026.760000 0.00
026.770000 0.00
026.780000 0.00
026.790000 0.00
026.800000 0.00
026.810000 0.00
026.820000 0.00
026.830000 0.00
026.840000 0.00
026.850000 0.00
026.860000 0.00
026.870000 0.00
026.880000 0.00
026.890000 0.00
026.900000 0.00
026.910000 0.00
026.920000 0.00
026.930000 0.00
026.940000 0.00
026.950000 0.00
026.960000 0.00
026.970000 0.00
026.980000 0.00
026.990000 0.00
027.000000 0.00
027.010000 0.00
027.020000 0.00
027.030000 0.00
027.040000 0.00
027.050000 0.00
027.060000 0.00
027.070000 0.00
027.080000 0.00
027.090000 0.00
027.100000 0.00
027.110000 0.00
027.120000 0.00
027.130000 0.00
027.140000 0.00
027.150000 0.00
027.160000 0.00
027.170000 0.00
027.180000 0.00
027.190000 0.00
027.200000 0.00
027.210000 0.00
027.220000 0.00
027.230000 0.00
027.240000 0.00
027.250000 0.00
027.260000 0.00
027.270000 0.00
027.280000 0.00
027.290000 0.00
027.300000 0.00
027.310000 0.00
027.320000 0.00
027.330000 0.00
027.340000 0.00
027.350000 0.00
027.360000 0.00
027.370000 0.00
027.380000 0.00
027.390000 0.00
027.400000 0.00
027.410000 0.00
027.420000 0.00
027.430000 0.00
027.440000 0.00
027.450000 0.00
027.460000 0.00
027.470000 0.00
027.480000 0.00
027.490000 0.00
027.500000 0.00
027.510000 0.00
027.520000 0.00
027.530000 0.00
027.540000 0.00
027.550000 0.00
027.560000 0.00
027.570000 0.00
027.580000 0.00
027.590000 0.00
027.600000 0.00
027.610000 0.00
027.620000 0.00
027.630000 0.00
027.640000 0.00
027.650000 0.00
027.660000 0.00
027.670000 0.00
027.680000 0.00
027.690000 0.00
027.700000 0.00
027.710000 0.00
027.720000 0.00
027.730000 0.00
027.740000 0.00
027.750000 0.00
027.760000 0.00
027.770000 0.00
027.780000 0.00
027.790000 0.00
027.800000 0.00
027.810000 0.00
027.820000 0.00
027.830000 0.00
027.840000 0.00
027.850000 0.00
027.860000 0.00
027.870000 0.00
027.880000 0.00
027.890000 0.00
027.900000 0.00
027.910000 0.00
027.920000 0.00
027.930000 0.00
027.940000 0.00
027.950000 0.00
027.960000 0.00
027.970000 0.00
027.980000 0.00
027.990000 0.00
028.000000 0.00
028.010000 0.00
028.020000 0.00
028.030000 0.00
028.040000 0.00
028.050000 0.00
028.060000 0.00
028.070000 0.00
028.080000 0.00
028.090000 0.00
028.100000 0.00
028.110000 0.00
028.120000 0.00
028.130000 0.00
028.140000 0.00
028.150000 0.00
028.160000 0.00
028.170000 0.00
028.180000 0.00
028.190000 0.00
028.200000 0.00
028.210000 0.00
028.220000 0.00
028.230000 0.00
028.240000 0.00
028.250000 0.00
028.260000 0.00
028.270000 0.00
028.280000 0.00
028.290000 0.00
028.300000 0.00
028.310000 0.00
028.320000 0.00
028.330000 0.00
028.340000 0.00
028.350000 0.00
028.360000 0.00
028.370000 0.00
028.380000 0.00
028.390000 0.00
028.400000 0.00
028.410000 0.00
028.420000 0.00
028.430000 0.00
028.440000 0.00
028.450000 0.00
028.460000 0.00
028.470000 0.00
028.480000 0.00
028.490000 0.00
028.500000 0.00
028.510000 0.00
028.520000 0.00
028.530000 0.00
028.540000 0.00
028.550000 0.00
028.560000 0.00
028.570000 0.00
028.580000 0.00
028.590000 0.00
028.600000 0.00
028.610000 0.00
028.620000 0.00
028.630000 0.00
028.640000 0.00
028.650000 0.00
028.660000 0.00
028.670000 0.00
028.680000 0.00
028.690000 0.00
028.700000 0.00
028.710000 0.00
028.720000 0.00
028.730000 0.00
028.740000 0.00
028.750000 0.00
028.760000 0.00
028.770000 0.00
028.780000 0.00
028.790000 0.00
028.800000 0.00
028.810000 0.00
028.820000 0.00
028.830000 0.00
028.840000 0.00
028.850000 0.00
028.860000 0.00
028.870000 0.00
028.880000 0.00
028.890000 0.00
028.900000 0.00
028.910000 0.00
028.920000 0.00
028.930000 0.00
028.940000 0.00
028.950000 0.00
028.960000 0.00
028.970000 0.00
028.980000 0.00
028.990000 0.00
029.000000 0.00
029.010000 0.00
029.020000 0.00
029.030000 0.00
029.040000 0.00
029.050000 0.00
029.060000 0.00
029.070000 0.00
029.080000 0.00
029.090000 0.00
029.100000 0.00
029.110000 0.00
029.120000 0.00
029.130000 0.00
029.140000 0.00
029.150000 0.00
029.160000 0.00
029.170000 0.00
029.180000 0.00
029.190000 0.00
029.200000 0.00
029.210000 0.00
029.220000 0.00
029.230000 0.00
029.240000 0.00
029.250000 0.00
029.260000 0.00
029.270000 0.00
029.280000 0.00
029.290000 0.00
029.300000 0.00
029.310000 0.00
029.320000 0.00
029.330000 0.00
029.340000 0.00
029.350000 0.00
029.360000 0.00
029.370000 0.00
029.380000 0.00
029.390000 0.00
029.400000 0.00
029.410000 0.00
029.420000 0.00
029.430000 0.00
029.440000 0.00
029.450000 0.00
029.460000 0.00
029.470000 0.00
029.480000 0.00
029.490000 0.00
029.500000 0.00
029.510000 0.00
029.520000 0.00
029.530000 0.00
029.540000 0.00
029.550000 0.00
029.560000 0.00
029.570000 0.00
029.580000 0.00
029.590000 0.00
029.600000 0.00
029.610000 0.00
029.620000 0.00
029.630000 0.00
029.640000 0.00
029.650000 0.00
029.660000 0.00
029.670000 0.00
029.680000 0.00
029.690000 0.00
029.700000 0.00
029.710000 0.00
029.720000 0.00
029.730000 0.00
029.740000 0.00
029.750000 0.00
029.760000 0.00
029.770000 0.00
029.780000 0.00
029.790000 0.00
029.800000 0.00
029.810000 0.00
029.820000 0.00
029.830000 0.00
029.840000 0.00
029.850000 0.00
029.860000 0.00
029.870000 0.00
029.880000 0.00
029.890000 0.00
029.900000 0.00
029.910000 0.00
029.920000 0.00
029.930000 0.00
029.940000 0.00
029.950000 0.00
029.960000 0.00
029.970000 0.00
029.980000 0.00
029.990000 0.00
030.000000 0.00
