0.00
0.00
0.00
87.36
95.83
100.28
97.87
97.64
97.63
97.63
97.61
97.65
97.65
97.65
97.65
97.65
97.77
99.33
97.65
97.65
97.65
101.38
98.96
97.64
97.62
97.64
97.64
97.64
97.65
97.65
97.64
97.65
97.65
98.85
100.52
98.97
97.64
97.61
97.64
97.64
97.64
99.43
98.69
97.64
97.64
97.64
98.00
95.84
97.65
98.11
100.26
99.94
97.64
97.64
97.64
97.62
98.01
97.64
97.65
97.65
97.64
98.71
97.65
97.65
97.65
97.65
98.01
101.26
97.61
97.63
97.65
97.65
97.65
97.65
97.65
98.00
100.53
99.80
97.64
97.64
97.64
98.34
97.64
97.63
97.64
97.65
97.65
99.04
97.65
97.65
97.65
97.65
97.65
97.77
102.20
97.64
97.64
97.63
97.62
97.64
97.64
97.65
97.65
97.65
97.65
99.69
98.36
97.04
97.65
97.65
98.97
100.41
98.97
97.63
97.63
97.64
97.64
97.64
97.65
97.65
97.64
97.65
100.53
97.64
97.64
99.46
3.74
0.00
0.00
0.00
0.00
0.00
0.00
0.00
0.00
0.00
0.00
0.00
0.00
0.00
0.00
0.00
0.00
0.00
0.00
0.00
0.00
0.00
0.00
0.00
0.00
0.00
0.00
0.00
0.00
0.00
0.00
0.00
0.00
0.00
0.00
0.00
0.00
0.00
0.00
0.00
0.00
0.00
0.00
0.00
0.00
0.00
0.00
0.00
0.00
0.00
0.00
0.00
0.00
0.00
0.00
0.00
0.00
0.00
0.00
0.00
0.00
0.00
0.00
0.00
0.00
0.00
0.00
0.00
0.00
0.00
0.00
0.00
0.00
0.00
0.00
0.00
0.00
0.00
0.00
0.00
0.00
0.00
0.00
0.00
0.00
0.00
0.00
0.00
0.00
0.00
0.00
0.00
0.00
0.00
0.00
0.00
0.00
0.00
0.00
0.00
0.00
0.00
0.00
0.00
0.00
0.00
0.00
0.00
0.00
0.00
0.00
0.00
0.00
0.00
0.00
0.00
0.00
0.00
0.00
0.00
0.00
0.00
0.00
0.00
0.00
0.00
0.00
0.00
0.00
0.00
0.00
0.00
0.00
0.00
0.00
0.00
0.00
0.00
0.00
0.00
0.00
0.00
0.00
0.00
0.00
0.00
0.00
0.00
0.00
0.00
0.00
0.00
0.00
0.00
0.00
0.00
0.00
0.00
0.00
0.00
0.00
0.00
0.00
0.00
0.00
0.00
0.00
0.00
0.00
0.00
0.00
0.00
0.00
0.00
