0.00
0.00
0.00
9.99
9.99
29.97
9.99
19.98
29.96
19.98
19.98
9.99
29.98
29.98
9.99
19.98
19.98
19.99
29.98
9.99
29.98
19.99
19.98
19.99
19.98
19.99
19.99
19.99
19.99
19.99
29.97
19.99
19.99
19.99
19.98
19.99
19.98
19.99
19.99
19.99
19.99
19.99
19.98
19.99
19.99
19.99
29.98
19.99
19.99
19.98
19.98
19.99
19.99
19.99
19.98
19.98
29.98
19.98
9.99
29.98
9.99
19.99
29.98
19.99
19.99
19.99
9.99
39.97
9.99
19.98
19.99
29.98
19.98
19.98
19.98
19.98
19.98
19.99
19.98
19.99
19.98
29.98
9.99
19.99
29.98
9.99
19.99
19.98
19.98
29.98
19.99
19.99
29.98
9.99
19.98
29.98
19.99
19.98
19.98
19.99
9.99
19.98
19.99
29.97
19.99
19.99
19.98
19.99
29.97
19.99
19.98
9.99
19.99
29.98
19.98
19.98
19.98
9.99
29.98
29.98
19.99
9.99
19.98
29.98
19.99
19.99
9.99
29.98
19.98
19.98
19.98
19.98
19.99
29.97
19.99
9.99
19.98
19.99
19.98
29.98
19.99
19.98
19.99
19.98
19.99
19.99
19.98
19.98
19.99
19.98
29.98
19.98
9.99
29.98
19.98
19.98
19.98
19.98
19.99
29.98
9.99
19.98
19.99
29.98
19.99
19.99
19.98
9.99
29.98
19.99
19.99
19.98
19.99
29.98
9.99
29.97
19.99
19.98
19.99
19.99
19.99
29.98
19.99
19.98
19.99
19.98
19.99
19.98
19.98
19.99
19.98
19.98
19.99
19.98
19.98
19.98
19.98
19.99
19.98
19.99
29.98
19.99
19.99
19.99
19.98
19.99
19.99
19.99
19.98
19.99
29.98
19.98
19.99
19.99
9.99
29.98
19.98
19.99
19.99
29.98
19.99
9.99
29.97
19.99
19.98
19.98
19.98
19.98
19.99
29.98
19.98
19.99
19.98
9.99
19.99
29.98
19.99
19.98
19.99
19.99
19.99
19.99
19.99
19.99
29.98
19.99
19.98
9.99
29.98
19.99
19.99
19.98
19.99
29.98
19.98
19.99
19.98
19.99
9.99
19.99
19.98
19.98
29.98
19.99
29.98
19.98
19.98
9.99
19.99
29.98
19.98
19.98
9.99
29.98
19.99
19.99
19.99
19.98
0.00
0.00
0.00
0.00
0.00
0.00
0.00
0.00
0.00
0.00
0.00
0.00
0.00
0.00
0.00
0.00
0.00
0.00
0.00
0.00
0.00
0.00
