0.00
0.00
0.00
90.40
98.24
98.84
97.64
97.62
97.63
98.73
97.64
97.64
97.64
97.61
98.84
99.69
97.64
97.63
94.51
100.02
97.65
97.65
97.65
97.65
97.65
101.62
97.99
97.64
97.27
97.65
100.50
97.64
97.64
97.64
97.64
97.64
97.65
97.63
97.63
97.65
97.65
98.97
100.65
98.72
97.64
97.99
97.64
97.64
97.64
97.64
97.28
97.63
97.65
97.53
99.94
97.65
96.92
97.65
102.21
98.12
97.64
97.64
97.64
97.64
97.64
98.00
97.65
97.65
97.65
97.65
99.45
97.65
97.63
97.65
97.65
98.97
100.64
98.72
95.83
100.13
98.00
97.64
97.64
97.64
97.61
97.99
97.65
97.65
97.65
97.64
97.41
102.20
97.64
97.63
98.00
97.64
97.63
97.62
97.64
97.65
97.65
97.65
97.64
102.34
97.62
97.64
97.64
97.63
97.64
97.65
100.53
98.00
97.64
97.64
96.91
97.65
97.64
97.65
97.65
97.65
99.21
100.41
98.72
97.60
97.64
98.37
0.48
0.00
0.00
0.00
0.00
0.00
0.00
0.00
0.00
0.00
0.00
0.00
0.00
0.00
0.00
0.00
0.00
0.00
0.00
0.00
0.00
0.00
0.00
0.00
0.00
0.00
0.00
0.00
0.00
0.00
0.00
0.00
0.00
0.00
0.00
0.00
0.00
0.00
0.00
0.00
0.00
0.00
0.00
0.00
0.00
0.00
0.00
0.00
0.00
0.00
0.00
0.00
0.00
0.00
0.00
0.00
0.00
0.00
0.00
0.00
0.00
0.00
0.00
0.00
0.00
0.00
0.00
0.00
0.00
0.00
0.00
0.00
0.00
0.00
0.00
0.00
0.00
0.00
0.00
0.00
0.00
0.00
0.00
0.00
0.00
0.00
0.00
0.00
0.00
0.00
0.00
0.00
0.00
0.00
0.00
0.00
0.00
0.00
0.00
0.00
0.00
0.00
0.00
0.00
0.00
0.00
0.00
0.00
0.00
0.00
0.00
0.00
0.00
0.00
0.00
0.00
0.00
0.00
0.00
0.00
0.00
0.00
0.00
0.00
0.00
0.00
0.00
0.00
0.00
0.00
0.00
0.00
0.00
0.00
0.00
0.00
0.00
0.00
0.00
0.00
0.00
0.00
0.00
0.00
0.00
0.00
0.00
0.00
0.00
0.00
0.00
0.00
0.00
0.00
0.00
0.00
0.00
0.00
0.00
0.00
0.00
0.00
0.00
0.00
0.00
0.00
0.00
0.00
0.00
0.00
0.00
0.00
0.00
0.00
