0.00
0.00
0.00
5.04
23.11
23.21
23.19
23.22
23.31
22.90
23.26
23.16
23.41
23.07
23.51
22.77
23.46
23.09
22.90
23.03
23.18
23.25
23.22
22.92
23.06
23.39
23.11
22.79
23.10
23.09
23.25
23.48
23.13
22.60
23.13
23.13
22.96
23.36
23.05
23.14
22.99
23.22
22.87
23.30
22.91
23.01
23.25
23.21
23.17
22.95
22.99
23.36
22.97
23.13
23.23
22.44
23.18
22.77
23.48
22.99
23.33
23.42
23.33
23.39
23.19
22.71
23.01
23.05
22.98
22.98
22.75
23.18
23.35
22.97
23.07
22.95
23.12
23.09
22.86
23.29
22.79
22.92
22.93
23.25
23.04
22.84
22.80
22.77
22.98
22.90
22.73
23.46
23.05
23.01
22.79
22.72
22.77
22.83
22.95
22.53
22.67
23.33
23.19
23.05
22.76
23.06
23.25
23.01
23.14
22.77
22.91
23.01
22.99
23.27
23.02
23.25
23.21
23.27
22.99
23.13
23.09
23.23
23.37
23.15
22.99
22.82
23.20
23.19
23.13
22.81
23.05
22.90
23.09
22.90
23.20
23.00
23.03
23.23
23.14
23.24
23.20
22.96
22.97
23.22
23.10
22.85
23.29
23.31
23.11
22.92
22.70
23.01
22.86
23.01
23.10
23.05
22.86
23.22
23.25
23.02
23.25
23.20
23.06
22.72
23.23
22.99
22.82
23.23
22.76
23.06
22.84
23.43
22.95
22.86
23.27
23.01
22.78
23.39
23.39
23.57
22.86
23.54
22.75
22.81
23.08
23.11
23.00
23.20
23.02
23.46
23.22
23.25
22.91
23.16
23.18
22.69
22.86
23.10
23.27
22.81
23.02
22.96
23.18
22.94
23.06
23.37
22.74
23.13
22.99
22.69
23.29
23.17
22.98
23.07
23.10
23.07
22.92
23.18
23.41
23.17
23.46
23.39
23.18
22.94
23.23
23.00
23.36
23.11
23.14
22.98
23.05
23.30
23.04
23.28
22.97
23.38
22.99
23.04
23.33
22.91
23.23
23.62
23.04
23.06
22.99
23.27
23.33
23.12
23.02
23.22
23.18
22.96
23.22
23.36
22.94
23.57
22.69
23.45
23.44
22.80
23.38
23.09
23.33
23.06
23.39
23.10
23.16
22.96
23.07
23.21
23.11
22.78
22.84
23.15
23.02
23.23
23.41
14.54
0.00
0.00
0.00
0.00
0.00
0.00
0.00
0.00
0.00
0.00
0.00
0.00
0.00
0.00
0.00
0.00
0.00
0.00
0.00
0.00
0.00
0.00
