0.00
0.00
0.00
49.95
39.97
49.95
49.96
49.96
49.97
49.97
49.97
39.97
59.96
39.97
49.96
49.96
49.96
39.97
49.97
49.97
49.97
49.96
59.96
39.97
49.96
49.96
49.97
49.96
49.97
39.97
59.95
39.97
49.97
49.97
59.95
39.97
49.95
49.96
39.97
59.96
49.97
49.97
39.97
49.97
49.96
49.97
49.96
49.96
49.97
39.97
49.96
49.96
49.97
49.97
49.96
49.96
49.96
39.97
59.96
49.96
39.97
49.96
49.96
49.97
39.97
59.95
49.96
49.96
39.97
49.96
49.97
49.96
49.96
39.97
59.96
49.97
49.97
49.97
39.97
49.96
49.97
49.96
49.96
49.97
39.97
59.95
49.96
39.97
49.96
49.97
49.97
49.97
29.98
0.00
0.00
0.00
0.00
0.00
0.00
0.00
0.00
0.00
0.00
0.00
0.00
0.00
0.00
0.00
0.00
0.00
0.00
0.00
0.00
0.00
0.00
0.00
0.00
0.00
0.00
0.00
0.00
0.00
0.00
0.00
0.00
0.00
0.00
0.00
0.00
0.00
0.00
0.00
0.00
0.00
0.00
0.00
0.00
0.00
0.00
0.00
0.00
0.00
0.00
0.00
0.00
0.00
0.00
0.00
0.00
0.00
0.00
0.00
0.00
0.00
9.99
0.00
0.00
0.00
0.00
0.00
0.00
0.00
0.00
0.00
0.00
0.00
0.00
0.00
0.00
0.00
0.00
0.00
0.00
0.00
0.00
0.00
0.00
0.00
0.00
0.00
0.00
0.00
0.00
0.00
0.00
0.00
0.00
0.00
0.00
0.00
0.00
0.00
0.00
0.00
0.00
0.00
0.00
0.00
0.00
0.00
0.00
0.00
0.00
0.00
0.00
0.00
0.00
0.00
0.00
9.99
0.00
0.00
0.00
0.00
0.00
0.00
0.00
0.00
0.00
0.00
0.00
0.00
0.00
0.00
0.00
0.00
0.00
0.00
0.00
0.00
0.00
0.00
0.00
0.00
0.00
0.00
0.00
0.00
0.00
0.00
0.00
0.00
0.00
0.00
0.00
0.00
0.00
0.00
0.00
0.00
0.00
0.00
0.00
0.00
0.00
0.00
0.00
0.00
0.00
0.00
0.00
0.00
0.00
0.00
0.00
0.00
0.00
0.00
0.00
0.00
0.00
0.00
0.00
0.00
0.00
0.00
0.00
0.00
0.00
0.00
0.00
0.00
0.00
0.00
0.00
0.00
0.00
0.00
0.00
0.00
0.00
0.00
0.00
0.00
0.00
0.00
0.00
0.00
0.00
0.00
