0.00
0.00
0.00
87.87
98.72
97.64
97.64
97.60
97.64
97.65
97.65
97.65
97.65
98.01
97.64
101.26
97.64
97.64
97.65
97.65
97.65
97.64
97.65
97.65
99.09
97.65
97.65
97.77
101.11
97.64
97.64
97.65
97.65
98.01
97.65
98.72
97.65
97.65
97.65
97.65
99.56
100.53
98.23
97.64
98.36
98.24
98.12
97.64
97.61
97.64
97.64
97.64
97.65
98.00
97.65
97.65
97.65
97.65
98.97
100.65
98.72
97.62
97.64
97.64
98.36
97.64
97.64
97.65
97.64
97.65
97.65
97.65
97.65
98.00
102.34
97.63
98.00
98.24
98.12
98.36
97.64
97.61
97.64
97.64
97.64
97.65
97.65
97.65
97.64
97.65
98.73
100.41
99.19
98.00
97.61
97.64
96.92
97.65
97.64
97.65
97.65
97.64
98.25
100.65
95.48
97.65
99.69
100.41
98.24
97.64
97.64
97.64
97.64
98.00
97.63
97.65
96.56
99.09
100.41
98.84
97.49
97.76
97.64
97.64
99.69
93.79
6.99
0.00
0.00
0.00
0.00
0.00
0.00
0.00
0.00
0.00
0.00
0.00
0.00
0.00
0.00
0.00
0.00
0.00
0.00
0.00
0.00
0.00
0.00
0.00
0.00
0.00
0.00
0.00
0.00
0.00
0.00
0.00
0.00
0.00
0.00
0.00
0.00
0.00
0.00
0.00
0.00
0.00
0.00
0.00
0.00
0.00
0.00
0.00
0.00
0.00
0.00
0.00
0.00
0.00
0.00
0.00
0.00
0.00
0.00
0.00
0.00
0.00
0.00
0.00
0.00
0.00
0.00
0.00
0.00
0.00
0.00
0.00
0.00
0.00
0.00
0.00
0.00
0.00
0.00
0.00
0.00
0.00
0.00
0.00
0.00
0.00
0.00
0.00
0.00
0.00
0.00
0.00
0.00
0.00
0.00
0.00
0.00
0.00
0.00
0.00
0.00
0.00
0.00
0.00
0.00
0.00
0.00
0.00
0.00
0.00
0.00
0.00
0.00
0.00
0.00
0.00
0.00
0.00
0.00
0.00
0.00
0.00
0.00
0.00
0.00
0.00
0.00
0.00
0.00
0.00
0.00
0.00
0.00
0.00
0.00
0.00
0.00
0.00
0.00
0.00
0.00
0.00
0.00
0.00
0.00
0.00
0.00
0.00
0.00
0.00
0.00
0.00
0.00
0.00
0.00
0.00
0.00
0.00
0.00
0.00
0.00
0.00
0.00
0.00
0.00
0.00
0.00
0.00
0.00
0.00
0.00
0.00
0.00
0.00
