0.00
0.00
0.00
4.15
5.39
5.39
5.37
5.37
5.35
5.35
5.39
5.39
5.38
5.36
5.39
5.37
5.38
5.35
5.36
5.40
5.39
5.38
5.39
5.39
5.40
5.39
5.38
5.34
5.35
5.33
5.38
5.34
5.37
5.33
5.37
5.36
5.36
5.37
5.39
5.39
5.37
5.37
5.40
5.41
5.38
5.38
5.40
5.40
5.38
5.38
5.41
5.40
5.39
5.15
5.41
5.35
5.40
5.41
5.37
5.42
5.41
5.37
5.35
5.37
5.38
5.38
5.40
5.36
5.37
5.37
5.41
5.38
5.36
5.36
5.37
5.37
5.38
5.37
5.36
5.36
5.39
5.36
5.37
5.37
5.38
5.36
5.38
5.37
5.37
5.36
5.39
5.40
2.63
0.00
0.00
0.00
0.00
0.00
0.00
0.00
0.00
0.00
0.00
0.00
0.00
0.00
0.00
0.00
0.00
0.00
0.00
0.00
0.00
0.00
0.00
0.00
0.00
0.00
0.00
0.00
0.00
0.00
0.00
0.00
0.00
0.00
0.00
0.00
0.00
0.00
0.00
0.00
0.00
0.00
0.00
0.00
0.00
0.00
0.00
0.00
0.00
0.00
0.00
0.00
0.00
0.00
0.00
0.00
0.00
0.00
0.00
0.00
0.00
0.00
0.00
0.00
0.00
0.00
0.00
0.00
0.00
0.00
0.00
0.00
0.00
0.00
0.00
0.00
0.00
0.00
0.00
0.00
0.00
0.00
0.00
0.00
0.00
0.00
0.00
0.00
0.00
0.00
0.00
0.00
0.00
0.00
0.00
0.00
0.00
0.00
0.00
0.00
0.00
0.00
0.00
0.00
0.00
0.00
0.00
0.00
0.00
0.00
0.00
0.00
0.00
0.00
0.00
0.00
0.00
0.00
0.00
0.00
0.00
0.00
0.00
0.00
0.00
0.00
0.00
0.00
0.00
0.00
0.00
0.00
0.00
0.00
0.00
0.00
0.00
0.00
0.00
0.00
0.00
0.00
0.00
0.00
0.00
0.00
0.00
0.00
0.00
0.00
0.00
0.00
0.00
0.00
0.00
0.00
0.00
0.00
0.00
0.00
0.00
0.00
0.00
0.00
0.00
0.00
0.00
0.00
0.00
0.00
0.00
0.00
0.00
0.00
0.00
0.00
0.00
0.00
0.00
0.00
0.00
0.00
0.00
0.00
0.00
0.00
0.00
0.00
0.00
0.00
0.00
0.00
0.00
0.00
0.00
0.00
0.00
0.00
0.00
0.00
0.00
0.00
0.00
0.00
0.00
0.00
0.00
0.00
