0.00
0.00
0.00
5.19
24.20
24.58
24.47
24.55
24.22
23.96
24.33
24.43
24.30
24.59
24.24
24.59
24.26
24.34
24.23
24.45
24.38
24.50
24.25
24.28
24.52
24.03
24.02
24.32
24.64
24.04
24.63
23.92
23.91
24.41
24.20
24.63
24.09
24.27
24.25
24.06
24.16
24.20
24.27
24.24
24.42
24.28
24.34
24.21
24.45
23.95
24.19
24.61
24.13
24.31
24.19
24.42
24.61
24.21
24.49
24.00
24.60
24.37
24.01
24.39
24.33
24.34
24.23
24.21
24.58
24.48
24.38
24.27
24.34
24.48
24.55
24.34
24.27
24.14
24.35
24.60
24.21
24.26
24.40
24.37
24.31
24.23
24.63
24.46
24.64
23.97
24.35
24.20
24.25
24.42
24.06
24.17
24.71
24.62
24.47
23.96
24.54
24.60
24.36
24.02
24.42
24.46
24.17
24.73
24.03
24.50
24.27
24.51
24.09
24.20
24.15
24.30
24.47
24.36
24.22
23.95
24.21
24.58
24.24
24.11
24.31
24.16
24.12
24.36
24.22
24.23
24.37
24.21
24.39
24.41
24.05
24.26
24.29
24.24
24.33
24.35
24.51
24.23
23.94
24.11
24.14
24.24
24.14
24.40
24.43
24.08
24.43
24.02
24.58
24.37
24.24
23.97
24.44
24.17
23.95
24.61
23.97
24.14
24.22
24.08
24.29
24.33
24.35
24.20
24.36
24.69
24.86
24.06
24.60
24.12
24.13
24.40
24.41
24.47
24.33
24.48
24.54
24.44
24.25
24.21
24.60
24.05
24.03
24.16
24.28
24.05
24.23
24.15
24.51
24.16
24.31
24.65
24.47
24.02
24.05
24.08
24.56
24.19
24.30
24.49
24.42
24.07
24.39
24.51
24.15
24.24
24.37
24.28
24.10
24.35
24.29
24.48
24.63
24.17
24.08
24.35
24.23
24.12
24.22
24.41
24.23
24.19
24.59
24.21
24.33
24.79
24.24
24.34
24.08
24.55
24.64
24.22
24.21
24.19
24.56
24.32
24.50
24.21
24.73
24.52
24.80
24.73
24.06
24.67
24.36
24.38
24.20
24.52
24.38
24.29
23.88
24.52
24.58
24.25
24.17
24.04
24.34
24.34
24.60
20.01
0.00
0.00
0.00
0.00
0.00
0.00
0.00
0.00
0.00
0.00
0.00
0.00
0.00
0.00
0.00
0.00
0.00
0.00
0.00
0.00
0.00
0.00
0.00
0.00
0.00
0.00
0.00
0.00
0.00
0.00
0.00
0.00
0.00
0.00
0.00
0.00
