0.00
0.00
0.00
88.96
94.75
100.53
99.45
97.64
96.92
97.61
97.65
100.43
97.64
97.64
97.62
97.64
97.64
97.65
97.65
97.64
97.63
97.65
98.60
100.53
99.20
97.63
97.62
97.63
98.73
97.64
97.64
97.64
97.61
97.65
97.65
97.65
97.65
97.65
100.89
97.98
97.62
97.64
97.64
97.65
97.65
97.63
98.24
100.64
99.45
97.64
96.55
96.56
98.01
100.91
98.01
97.63
97.64
97.64
97.62
98.01
97.65
98.37
96.20
99.57
100.41
98.34
97.64
97.64
97.64
96.20
97.64
99.44
100.42
97.76
97.64
97.63
97.64
97.61
97.65
98.01
97.65
97.65
97.65
97.65
97.86
102.10
97.63
97.63
97.62
99.45
97.63
97.64
97.27
97.64
97.65
97.65
97.63
97.65
97.65
98.01
99.45
100.29
98.60
97.63
97.64
97.64
97.64
97.63
97.65
96.53
101.98
97.63
94.39
99.57
97.88
100.14
97.63
97.63
97.64
97.99
97.65
97.64
97.65
97.65
97.65
99.10
4.82
0.00
0.00
0.00
0.00
0.00
0.00
0.00
0.00
0.00
0.00
0.00
0.00
0.00
0.00
0.00
0.00
0.00
0.00
0.00
0.00
0.00
0.00
0.00
0.00
0.00
0.00
0.00
0.00
0.00
0.00
0.00
0.00
0.00
0.00
0.00
0.00
0.00
0.00
0.00
0.00
0.00
0.00
0.00
0.00
0.00
0.00
0.00
0.00
0.00
0.00
0.00
0.00
0.00
0.00
0.00
0.00
0.00
0.00
0.00
0.00
0.00
0.00
0.00
0.00
0.00
0.00
0.00
0.00
0.00
0.00
0.00
0.00
0.00
0.00
0.00
0.00
0.00
0.00
0.00
0.00
0.00
0.00
0.00
0.00
0.00
0.00
0.00
0.00
0.00
0.00
0.00
0.00
0.00
0.00
0.00
0.00
0.00
0.00
0.00
0.00
0.00
0.00
0.00
0.00
0.00
0.00
0.00
0.00
0.00
0.00
0.00
0.00
0.00
0.00
0.00
0.00
0.00
0.00
0.00
0.00
0.00
0.00
0.00
0.00
0.00
0.00
0.00
0.00
0.00
0.00
0.00
0.00
0.00
0.00
0.00
0.00
0.00
0.00
0.00
0.00
0.00
0.00
0.00
0.00
0.00
0.00
0.00
0.00
0.00
0.00
0.00
0.00
0.00
0.00
0.00
0.00
0.00
0.00
0.00
0.00
0.00
0.00
0.00
0.00
0.00
0.00
0.00
0.00
0.00
0.00
0.00
0.00
0.00
