000.010000 0.00
000.020000 0.00
000.030000 0.00
000.040000 0.00
000.050000 0.00
000.060000 0.00
000.070000 0.00
000.080000 0.00
000.090000 0.00
000.100000 0.00
000.110000 0.00
000.120000 0.00
000.130000 0.00
000.140000 0.00
000.150000 0.00
000.160000 0.00
000.170000 0.00
000.180000 0.00
000.190000 0.00
000.200000 0.00
000.210000 0.00
000.220000 0.00
000.230000 0.00
000.240000 0.00
000.250000 0.00
000.260000 0.00
000.270000 0.00
000.280000 0.00
000.290000 0.00
000.300000 0.00
000.310000 0.00
000.320000 0.00
000.330000 0.00
000.340000 0.00
000.350000 0.00
000.360000 0.00
000.370000 0.00
000.380000 11.44
000.390000 23.09
000.400000 22.95
000.410000 23.91
000.420000 22.57
000.430000 23.91
000.440000 23.25
000.450000 23.20
000.460000 22.56
000.470000 21.84
000.480000 23.17
000.490000 23.87
000.500000 23.01
000.510000 22.79
000.520000 23.59
000.530000 23.49
000.540000 24.31
000.550000 24.37
000.560000 23.46
000.570000 23.67
000.580000 22.53
000.590000 23.04
000.600000 22.21
000.610000 22.70
000.620000 23.57
000.630000 23.07
000.640000 23.40
000.650000 23.53
000.660000 23.64
000.670000 23.77
000.680000 22.78
000.690000 22.98
000.700000 22.85
000.710000 23.41
000.720000 22.16
000.730000 23.55
000.740000 22.23
000.750000 24.02
000.760000 23.57
000.770000 23.33
000.780000 23.77
000.790000 23.65
000.800000 22.68
000.810000 23.21
000.820000 23.37
000.830000 23.48
000.840000 23.31
000.850000 23.51
000.860000 22.76
000.870000 22.50
000.880000 22.77
000.890000 24.09
000.900000 22.75
000.910000 22.54
000.920000 23.04
000.930000 24.13
000.940000 22.73
000.950000 22.49
000.960000 22.47
000.970000 23.32
000.980000 22.39
000.990000 23.41
001.000000 23.67
001.010000 22.72
001.020000 23.22
001.030000 23.86
001.040000 22.80
001.050000 23.29
001.060000 23.34
001.070000 22.40
001.080000 23.77
001.090000 22.57
001.100000 23.03
001.110000 22.90
001.120000 22.87
001.130000 24.14
001.140000 22.33
001.150000 23.39
001.160000 22.22
001.170000 23.32
001.180000 23.45
001.190000 24.25
001.200000 23.18
001.210000 24.08
001.220000 23.75
001.230000 23.46
001.240000 23.60
001.250000 24.07
001.260000 22.99
001.270000 23.93
001.280000 23.58
001.290000 22.93
001.300000 22.82
001.310000 23.03
001.320000 22.24
001.330000 22.90
001.340000 22.73
001.350000 23.01
001.360000 23.73
001.370000 23.84
001.380000 23.03
001.390000 23.70
001.400000 23.80
001.410000 23.42
001.420000 24.33
001.430000 22.75
001.440000 22.87
001.450000 23.21
001.460000 23.28
001.470000 23.66
001.480000 23.60
001.490000 22.74
001.500000 23.54
001.510000 22.30
001.520000 22.59
001.530000 23.77
001.540000 22.77
001.550000 23.09
001.560000 22.30
001.570000 23.37
001.580000 23.12
001.590000 24.03
001.600000 24.39
001.610000 23.20
001.620000 23.57
001.630000 23.21
001.640000 23.75
001.650000 23.66
001.660000 22.58
001.670000 23.08
001.680000 22.52
001.690000 23.12
001.700000 23.00
001.710000 22.93
001.720000 23.76
001.730000 22.57
001.740000 23.66
001.750000 23.56
001.760000 23.31
001.770000 22.09
001.780000 23.30
001.790000 23.13
001.800000 23.28
001.810000 23.94
001.820000 22.76
001.830000 23.01
001.840000 23.24
001.850000 22.76
001.860000 22.46
001.870000 23.12
001.880000 22.22
001.890000 22.92
001.900000 23.56
001.910000 22.94
001.920000 22.94
001.930000 23.55
001.940000 23.86
001.950000 22.47
001.960000 23.38
001.970000 23.46
001.980000 22.78
001.990000 23.81
002.000000 23.18
002.010000 22.51
002.020000 23.00
002.030000 23.51
002.040000 23.15
002.050000 23.46
002.060000 24.14
002.070000 22.96
002.080000 22.61
002.090000 23.21
002.100000 22.82
002.110000 22.78
002.120000 22.14
002.130000 23.78
002.140000 24.14
002.150000 24.07
002.160000 22.04
002.170000 23.83
002.180000 23.24
002.190000 23.32
002.200000 23.81
002.210000 23.18
002.220000 22.74
002.230000 23.18
002.240000 22.53
002.250000 23.76
002.260000 23.04
002.270000 23.52
002.280000 23.54
002.290000 23.65
002.300000 23.03
002.310000 22.45
002.320000 23.51
002.330000 22.38
002.340000 23.14
002.350000 23.49
002.360000 22.61
002.370000 22.87
002.380000 22.83
002.390000 23.48
002.400000 23.05
002.410000 23.91
002.420000 22.80
002.430000 22.24
002.440000 22.90
002.450000 23.49
002.460000 23.29
002.470000 23.80
002.480000 23.56
002.490000 23.37
002.500000 23.84
002.510000 24.41
002.520000 23.57
002.530000 22.66
002.540000 23.73
002.550000 22.66
002.560000 22.76
002.570000 23.49
002.580000 23.29
002.590000 22.82
002.600000 22.98
002.610000 23.13
002.620000 22.93
002.630000 24.14
002.640000 22.94
002.650000 22.88
002.660000 22.13
002.670000 24.17
002.680000 22.42
002.690000 22.79
002.700000 22.91
002.710000 23.64
002.720000 22.68
002.730000 23.72
002.740000 22.68
002.750000 22.33
002.760000 22.64
002.770000 23.11
002.780000 21.62
002.790000 23.07
002.800000 23.17
002.810000 23.68
002.820000 23.18
002.830000 23.73
002.840000 22.59
002.850000 23.34
002.860000 23.24
002.870000 22.83
002.880000 22.54
002.890000 23.29
002.900000 23.48
002.910000 23.35
002.920000 23.42
002.930000 23.14
002.940000 22.80
002.950000 23.36
002.960000 22.39
002.970000 23.49
002.980000 23.91
002.990000 23.47
003.000000 23.95
003.010000 24.13
003.020000 22.97
003.030000 23.04
003.040000 22.92
003.050000 23.56
003.060000 22.93
003.070000 22.71
003.080000 22.80
003.090000 23.40
003.100000 23.15
003.110000 23.56
003.120000 22.93
003.130000 24.33
003.140000 23.52
003.150000 24.04
003.160000 22.75
003.170000 23.40
003.180000 23.29
003.190000 22.68
003.200000 23.33
003.210000 23.72
003.220000 24.17
003.230000 23.34
003.240000 22.53
003.250000 23.04
003.260000 22.90
003.270000 22.38
003.280000 23.47
003.290000 21.79
003.300000 23.12
003.310000 22.21
003.320000 23.41
003.330000 21.66
003.340000 22.05
003.350000 22.22
003.360000 23.27
003.370000 23.06
003.380000 22.71
003.390000 24.09
003.400000 23.29
003.410000 22.73
003.420000 23.13
003.430000 22.90
003.440000 24.05
003.450000 23.22
003.460000 22.23
003.470000 23.46
003.480000 22.95
003.490000 23.45
003.500000 23.43
003.510000 24.23
003.520000 22.74
003.530000 23.68
003.540000 22.68
003.550000 22.50
003.560000 23.88
003.570000 23.10
003.580000 22.43
003.590000 22.87
003.600000 24.21
003.610000 22.82
003.620000 22.78
003.630000 23.36
003.640000 23.58
003.650000 22.84
003.660000 23.16
003.670000 22.93
003.680000 23.71
003.690000 23.84
003.700000 24.29
003.710000 22.85
003.720000 23.17
003.730000 23.88
003.740000 23.12
003.750000 23.73
003.760000 22.58
003.770000 23.41
003.780000 22.61
003.790000 23.22
003.800000 23.01
003.810000 23.32
003.820000 22.81
003.830000 22.55
003.840000 22.47
003.850000 22.49
003.860000 23.74
003.870000 23.65
003.880000 22.21
003.890000 22.83
003.900000 23.33
003.910000 23.10
003.920000 23.06
003.930000 23.51
003.940000 23.88
003.950000 23.39
003.960000 22.74
003.970000 22.78
003.980000 23.97
003.990000 23.57
004.000000 23.55
004.010000 22.31
004.020000 23.34
004.030000 23.15
004.040000 22.48
004.050000 22.45
004.060000 22.18
004.070000 22.96
004.080000 22.59
004.090000 23.87
004.100000 23.76
004.110000 22.97
004.120000 23.20
004.130000 22.06
004.140000 23.26
004.150000 23.75
004.160000 23.36
004.170000 22.25
004.180000 22.48
004.190000 22.71
004.200000 23.54
004.210000 23.18
004.220000 23.43
004.230000 22.50
004.240000 22.84
004.250000 23.24
004.260000 21.69
004.270000 23.48
004.280000 22.22
004.290000 22.95
004.300000 24.70
004.310000 22.61
004.320000 23.07
004.330000 23.10
004.340000 22.73
004.350000 22.79
004.360000 23.51
004.370000 24.34
004.380000 23.67
004.390000 23.20
004.400000 23.08
004.410000 22.82
004.420000 23.58
004.430000 22.05
004.440000 23.68
004.450000 22.50
004.460000 22.19
004.470000 23.74
004.480000 22.53
004.490000 21.83
004.500000 23.69
004.510000 23.30
004.520000 22.62
004.530000 22.79
004.540000 22.74
004.550000 23.11
004.560000 23.85
004.570000 22.62
004.580000 24.33
004.590000 22.48
004.600000 23.41
004.610000 23.37
004.620000 23.34
004.630000 22.81
004.640000 23.05
004.650000 23.34
004.660000 22.98
004.670000 24.36
004.680000 23.42
004.690000 21.94
004.700000 22.71
004.710000 23.34
004.720000 24.89
004.730000 23.36
004.740000 22.80
004.750000 23.01
004.760000 21.94
004.770000 22.62
004.780000 22.19
004.790000 22.97
004.800000 23.73
004.810000 23.05
004.820000 23.05
004.830000 24.47
004.840000 23.19
004.850000 23.65
004.860000 22.28
004.870000 23.39
004.880000 22.98
004.890000 22.93
004.900000 23.47
004.910000 22.87
004.920000 22.80
004.930000 23.77
004.940000 23.41
004.950000 22.56
004.960000 22.48
004.970000 22.78
004.980000 23.25
004.990000 23.08
005.000000 23.15
005.010000 22.19
005.020000 23.90
005.030000 23.55
005.040000 22.48
005.050000 21.82
005.060000 23.93
005.070000 23.86
005.080000 23.28
005.090000 23.74
005.100000 23.22
005.110000 23.35
005.120000 23.53
005.130000 21.96
005.140000 22.42
005.150000 23.88
005.160000 22.42
005.170000 22.74
005.180000 22.84
005.190000 23.43
005.200000 23.48
005.210000 23.78
005.220000 22.61
005.230000 22.75
005.240000 21.70
005.250000 23.16
005.260000 23.47
005.270000 24.42
005.280000 22.28
005.290000 21.99
005.300000 23.59
005.310000 22.90
005.320000 22.35
005.330000 22.81
005.340000 23.55
005.350000 24.06
005.360000 23.08
005.370000 23.17
005.380000 23.90
005.390000 23.74
005.400000 23.67
005.410000 22.44
005.420000 23.27
005.430000 23.31
005.440000 23.05
005.450000 23.78
005.460000 22.79
005.470000 23.95
005.480000 22.37
005.490000 22.73
005.500000 22.98
005.510000 22.95
005.520000 22.83
005.530000 22.45
005.540000 24.40
005.550000 23.81
005.560000 23.22
005.570000 23.03
005.580000 23.36
005.590000 23.79
005.600000 23.32
005.610000 23.15
005.620000 23.63
005.630000 23.40
005.640000 23.27
005.650000 23.39
005.660000 23.56
005.670000 23.11
005.680000 22.02
005.690000 22.92
005.700000 24.02
005.710000 22.69
005.720000 22.83
005.730000 23.38
005.740000 23.22
005.750000 22.33
005.760000 22.85
005.770000 22.43
005.780000 24.16
005.790000 22.99
005.800000 22.54
005.810000 22.48
005.820000 23.07
005.830000 22.92
005.840000 23.80
005.850000 24.11
005.860000 24.21
005.870000 24.05
005.880000 23.14
005.890000 24.10
005.900000 24.10
005.910000 22.89
005.920000 21.76
005.930000 22.12
005.940000 23.31
005.950000 23.69
005.960000 22.94
005.970000 22.98
005.980000 22.37
005.990000 23.65
006.000000 24.04
006.010000 23.28
006.020000 23.38
006.030000 23.87
006.040000 22.78
006.050000 24.59
006.060000 23.59
006.070000 22.50
006.080000 23.80
006.090000 23.54
006.100000 23.64
006.110000 23.09
006.120000 23.13
006.130000 24.09
006.140000 22.14
006.150000 24.32
006.160000 23.28
006.170000 21.63
006.180000 23.95
006.190000 22.79
006.200000 22.96
006.210000 25.12
006.220000 23.46
006.230000 24.64
006.240000 24.07
006.250000 24.36
006.260000 23.54
006.270000 23.92
006.280000 23.37
006.290000 22.76
006.300000 22.65
006.310000 24.25
006.320000 23.77
006.330000 24.26
006.340000 23.91
006.350000 22.88
006.360000 24.17
006.370000 23.23
006.380000 23.54
006.390000 22.80
006.400000 23.40
006.410000 23.90
006.420000 23.74
006.430000 24.08
006.440000 23.58
006.450000 23.81
006.460000 23.58
006.470000 22.32
006.480000 22.53
006.490000 23.52
006.500000 22.92
006.510000 22.63
006.520000 22.90
006.530000 22.94
006.540000 22.62
006.550000 22.57
006.560000 22.36
006.570000 24.15
006.580000 23.66
006.590000 23.92
006.600000 22.38
006.610000 23.77
006.620000 23.48
006.630000 24.64
006.640000 23.22
006.650000 24.15
006.660000 22.51
006.670000 24.11
006.680000 22.61
006.690000 22.86
006.700000 23.14
006.710000 22.73
006.720000 23.68
006.730000 23.72
006.740000 23.22
006.750000 22.81
006.760000 23.02
006.770000 23.63
006.780000 23.36
006.790000 22.83
006.800000 22.35
006.810000 22.70
006.820000 24.31
006.830000 23.26
006.840000 24.22
006.850000 23.66
006.860000 22.80
006.870000 22.71
006.880000 24.17
006.890000 23.34
006.900000 23.19
006.910000 23.62
006.920000 22.30
006.930000 22.84
006.940000 22.83
006.950000 23.27
006.960000 24.05
006.970000 23.18
006.980000 23.32
006.990000 22.97
007.000000 22.27
007.010000 23.21
007.020000 23.84
007.030000 23.17
007.040000 24.59
007.050000 23.74
007.060000 23.79
007.070000 22.30
007.080000 23.95
007.090000 23.49
007.100000 24.67
007.110000 22.99
007.120000 24.17
007.130000 23.14
007.140000 24.04
007.150000 23.83
007.160000 24.15
007.170000 23.57
007.180000 23.41
007.190000 23.26
007.200000 23.64
007.210000 23.96
007.220000 24.32
007.230000 22.88
007.240000 23.00
007.250000 23.91
007.260000 23.91
007.270000 22.90
007.280000 23.23
007.290000 21.84
007.300000 24.56
007.310000 23.32
007.320000 23.71
007.330000 23.12
007.340000 23.51
007.350000 23.80
007.360000 24.19
007.370000 23.37
007.380000 24.25
007.390000 22.82
007.400000 23.88
007.410000 24.32
007.420000 22.39
007.430000 23.38
007.440000 23.06
007.450000 21.13
007.460000 24.46
007.470000 23.00
007.480000 24.09
007.490000 23.57
007.500000 23.68
007.510000 22.67
007.520000 24.52
007.530000 22.97
007.540000 22.88
007.550000 23.71
007.560000 23.51
007.570000 23.48
007.580000 24.32
007.590000 22.89
007.600000 22.34
007.610000 24.61
007.620000 23.99
007.630000 24.14
007.640000 22.87
007.650000 23.21
007.660000 23.43
007.670000 23.42
007.680000 23.29
007.690000 24.05
007.700000 23.67
007.710000 22.42
007.720000 22.90
007.730000 24.45
007.740000 24.06
007.750000 23.00
007.760000 23.55
007.770000 22.56
007.780000 24.01
007.790000 22.98
007.800000 21.44
007.810000 23.99
007.820000 24.36
007.830000 23.29
007.840000 23.32
007.850000 23.16
007.860000 24.10
007.870000 23.54
007.880000 23.81
007.890000 23.28
007.900000 23.55
007.910000 22.45
007.920000 23.28
007.930000 23.15
007.940000 22.79
007.950000 23.19
007.960000 23.22
007.970000 23.74
007.980000 23.30
007.990000 22.79
008.000000 22.69
008.010000 23.55
008.020000 23.80
008.030000 24.24
008.040000 23.11
008.050000 22.81
008.060000 22.17
008.070000 23.09
008.080000 22.77
008.090000 22.89
008.100000 23.54
008.110000 24.02
008.120000 23.78
008.130000 23.73
008.140000 23.06
008.150000 23.40
008.160000 23.32
008.170000 22.75
008.180000 23.33
008.190000 21.94
008.200000 23.27
008.210000 23.69
008.220000 23.14
008.230000 23.66
008.240000 23.39
008.250000 24.23
008.260000 24.48
008.270000 23.19
008.280000 24.51
008.290000 23.82
008.300000 22.76
008.310000 24.03
008.320000 23.79
008.330000 22.47
008.340000 22.98
008.350000 23.29
008.360000 23.47
008.370000 24.26
008.380000 23.11
008.390000 23.10
008.400000 22.54
008.410000 23.55
008.420000 23.86
008.430000 22.49
008.440000 22.41
008.450000 22.94
008.460000 23.42
008.470000 23.59
008.480000 23.69
008.490000 23.21
008.500000 21.98
008.510000 22.80
008.520000 23.52
008.530000 23.07
008.540000 22.48
008.550000 24.23
008.560000 23.09
008.570000 24.20
008.580000 23.41
008.590000 23.50
008.600000 23.18
008.610000 22.26
008.620000 23.54
008.630000 22.16
008.640000 23.42
008.650000 22.55
008.660000 23.02
008.670000 24.08
008.680000 24.42
008.690000 23.09
008.700000 23.86
008.710000 23.34
008.720000 23.48
008.730000 21.45
008.740000 22.93
008.750000 22.63
008.760000 23.88
008.770000 23.36
008.780000 23.77
008.790000 22.92
008.800000 22.82
008.810000 23.88
008.820000 23.06
008.830000 22.42
008.840000 23.75
008.850000 23.70
008.860000 22.76
008.870000 23.25
008.880000 23.04
008.890000 24.05
008.900000 23.31
008.910000 22.10
008.920000 22.18
008.930000 23.90
008.940000 23.86
008.950000 22.94
008.960000 23.33
008.970000 23.01
008.980000 23.80
008.990000 23.59
009.000000 23.09
009.010000 25.21
009.020000 23.40
009.030000 24.61
009.040000 24.01
009.050000 22.91
009.060000 22.66
009.070000 23.62
009.080000 22.60
009.090000 24.00
009.100000 23.16
009.110000 22.79
009.120000 23.23
009.130000 24.16
009.140000 23.69
009.150000 23.80
009.160000 23.39
009.170000 23.09
009.180000 24.25
009.190000 24.22
009.200000 22.62
009.210000 23.31
009.220000 23.69
009.230000 23.54
009.240000 23.48
009.250000 22.55
009.260000 23.28
009.270000 22.73
009.280000 23.88
009.290000 22.45
009.300000 22.95
009.310000 23.05
009.320000 22.85
009.330000 23.51
009.340000 24.02
009.350000 23.81
009.360000 23.04
009.370000 24.04
009.380000 23.24
009.390000 23.53
009.400000 22.62
009.410000 23.04
009.420000 23.04
009.430000 23.34
009.440000 24.21
009.450000 22.79
009.460000 23.11
009.470000 22.11
009.480000 23.26
009.490000 23.36
009.500000 22.80
009.510000 23.62
009.520000 23.09
009.530000 23.81
009.540000 23.27
009.550000 22.23
009.560000 23.40
009.570000 22.77
009.580000 24.90
009.590000 23.47
009.600000 23.06
009.610000 23.08
009.620000 23.14
009.630000 23.08
009.640000 23.32
009.650000 23.31
009.660000 23.45
009.670000 23.98
009.680000 23.80
009.690000 24.08
009.700000 22.99
009.710000 23.07
009.720000 22.96
009.730000 22.92
009.740000 23.72
009.750000 22.46
009.760000 23.18
009.770000 22.60
009.780000 23.74
009.790000 23.83
009.800000 23.67
009.810000 23.25
009.820000 21.65
009.830000 22.15
009.840000 22.84
009.850000 21.98
009.860000 23.02
009.870000 23.07
009.880000 23.84
009.890000 23.07
009.900000 23.13
009.910000 23.54
009.920000 22.56
009.930000 22.43
009.940000 21.84
009.950000 23.41
009.960000 23.57
009.970000 23.81
009.980000 24.08
009.990000 23.44
010.000000 24.00
010.010000 23.01
010.020000 23.77
010.030000 22.91
010.040000 24.37
010.050000 23.07
010.060000 24.14
010.070000 23.34
010.080000 23.50
010.090000 23.51
010.100000 23.43
010.110000 23.20
010.120000 22.63
010.130000 23.99
010.140000 23.21
010.150000 23.72
010.160000 24.01
010.170000 22.61
010.180000 23.29
010.190000 23.15
010.200000 23.18
010.210000 23.20
010.220000 24.50
010.230000 22.99
010.240000 24.21
010.250000 22.46
010.260000 23.64
010.270000 23.26
010.280000 24.23
010.290000 22.73
010.300000 22.90
010.310000 21.95
010.320000 22.83
010.330000 23.93
010.340000 22.93
010.350000 22.74
010.360000 22.79
010.370000 23.50
010.380000 23.19
010.390000 23.91
010.400000 23.84
010.410000 22.66
010.420000 24.01
010.430000 23.46
010.440000 23.49
010.450000 23.70
010.460000 23.31
010.470000 23.47
010.480000 23.96
010.490000 25.16
010.500000 23.07
010.510000 22.93
010.520000 22.96
010.530000 24.07
010.540000 23.78
010.550000 24.15
010.560000 22.94
010.570000 22.92
010.580000 22.57
010.590000 22.81
010.600000 22.98
010.610000 23.63
010.620000 23.76
010.630000 23.14
010.640000 23.78
010.650000 23.63
010.660000 24.04
010.670000 23.33
010.680000 23.35
010.690000 24.35
010.700000 21.75
010.710000 23.81
010.720000 23.80
010.730000 22.56
010.740000 23.38
010.750000 21.76
010.760000 22.37
010.770000 23.04
010.780000 23.23
010.790000 23.59
010.800000 23.24
010.810000 24.07
010.820000 24.17
010.830000 22.48
010.840000 22.01
010.850000 24.45
010.860000 23.05
010.870000 23.19
010.880000 23.39
010.890000 23.10
010.900000 23.44
010.910000 23.93
010.920000 22.12
010.930000 24.55
010.940000 22.66
010.950000 23.41
010.960000 23.63
010.970000 24.46
010.980000 23.62
010.990000 23.67
011.000000 23.23
011.010000 22.11
011.020000 23.56
011.030000 23.01
011.040000 23.31
011.050000 23.94
011.060000 23.68
011.070000 23.35
011.080000 23.20
011.090000 22.42
011.100000 23.45
011.110000 24.11
011.120000 23.56
011.130000 22.98
011.140000 23.21
011.150000 23.56
011.160000 23.89
011.170000 24.44
011.180000 24.57
011.190000 23.27
011.200000 22.71
011.210000 23.85
011.220000 23.15
011.230000 22.90
011.240000 23.09
011.250000 23.12
011.260000 23.57
011.270000 23.75
011.280000 22.27
011.290000 22.76
011.300000 22.86
011.310000 23.37
011.320000 23.92
011.330000 22.91
011.340000 23.46
011.350000 23.35
011.360000 23.93
011.370000 23.61
011.380000 23.25
011.390000 23.98
011.400000 24.36
011.410000 23.42
011.420000 22.39
011.430000 23.72
011.440000 23.77
011.450000 24.12
011.460000 23.17
011.470000 22.88
011.480000 22.96
011.490000 23.86
011.500000 23.02
011.510000 24.18
011.520000 22.70
011.530000 23.66
011.540000 24.42
011.550000 22.64
011.560000 22.97
011.570000 24.22
011.580000 24.65
011.590000 23.26
011.600000 23.07
011.610000 23.03
011.620000 23.57
011.630000 22.84
011.640000 22.38
011.650000 23.97
011.660000 23.49
011.670000 23.61
011.680000 24.17
011.690000 22.18
011.700000 23.46
011.710000 22.59
011.720000 23.42
011.730000 21.63
011.740000 22.93
011.750000 23.37
011.760000 24.54
011.770000 23.07
011.780000 23.28
011.790000 23.09
011.800000 22.49
011.810000 24.19
011.820000 23.80
011.830000 23.82
011.840000 23.60
011.850000 23.45
011.860000 22.93
011.870000 22.81
011.880000 22.88
011.890000 23.68
011.900000 22.21
011.910000 23.34
011.920000 22.87
011.930000 23.18
011.940000 24.29
011.950000 22.14
011.960000 23.37
011.970000 22.98
011.980000 23.86
011.990000 23.86
012.000000 23.99
012.010000 22.64
012.020000 23.20
012.030000 23.58
012.040000 23.72
012.050000 23.29
012.060000 24.35
012.070000 24.50
012.080000 22.74
012.090000 23.59
012.100000 22.80
012.110000 24.17
012.120000 23.54
012.130000 23.86
012.140000 23.18
012.150000 21.97
012.160000 23.13
012.170000 23.64
012.180000 23.49
012.190000 23.71
012.200000 23.73
012.210000 23.90
012.220000 23.45
012.230000 23.87
012.240000 22.76
012.250000 23.10
012.260000 22.91
012.270000 22.97
012.280000 23.10
012.290000 22.53
012.300000 24.37
012.310000 23.39
012.320000 23.42
012.330000 24.14
012.340000 22.95
012.350000 22.43
012.360000 21.84
012.370000 24.83
012.380000 22.25
012.390000 22.09
012.400000 22.17
012.410000 23.68
012.420000 23.32
012.430000 23.90
012.440000 22.71
012.450000 23.13
012.460000 22.37
012.470000 22.63
012.480000 23.45
012.490000 23.52
012.500000 24.10
012.510000 22.12
012.520000 22.57
012.530000 23.45
012.540000 23.54
012.550000 24.15
012.560000 23.62
012.570000 23.85
012.580000 23.31
012.590000 23.19
012.600000 23.87
012.610000 24.17
012.620000 23.12
012.630000 23.24
012.640000 23.63
012.650000 23.54
012.660000 22.70
012.670000 23.78
012.680000 23.10
012.690000 22.71
012.700000 23.01
012.710000 21.97
012.720000 24.05
012.730000 23.09
012.740000 23.67
012.750000 22.99
012.760000 22.91
012.770000 23.14
012.780000 22.63
012.790000 23.01
012.800000 22.56
012.810000 23.34
012.820000 24.25
012.830000 22.28
012.840000 23.74
012.850000 23.22
012.860000 23.40
012.870000 23.44
012.880000 22.33
012.890000 23.08
012.900000 23.32
012.910000 22.81
012.920000 23.00
012.930000 24.16
012.940000 23.38
012.950000 24.06
012.960000 23.39
012.970000 22.72
012.980000 23.23
012.990000 22.78
013.000000 22.55
013.010000 23.96
013.020000 23.95
013.030000 22.71
013.040000 23.73
013.050000 23.32
013.060000 24.25
013.070000 23.22
013.080000 24.67
013.090000 22.68
013.100000 22.42
013.110000 22.69
013.120000 24.05
013.130000 22.43
013.140000 22.97
013.150000 22.67
013.160000 22.97
013.170000 24.03
013.180000 23.21
013.190000 23.09
013.200000 24.67
013.210000 23.44
013.220000 23.05
013.230000 23.09
013.240000 24.36
013.250000 21.84
013.260000 22.75
013.270000 24.04
013.280000 23.48
013.290000 23.64
013.300000 22.64
013.310000 23.43
013.320000 23.00
013.330000 23.58
013.340000 23.82
013.350000 23.01
013.360000 23.31
013.370000 23.41
013.380000 23.23
013.390000 24.28
013.400000 24.05
013.410000 22.83
013.420000 23.99
013.430000 23.63
013.440000 22.37
013.450000 23.10
013.460000 23.72
013.470000 22.38
013.480000 22.93
013.490000 23.94
013.500000 23.76
013.510000 22.48
013.520000 23.65
013.530000 23.75
013.540000 24.57
013.550000 22.81
013.560000 23.52
013.570000 24.06
013.580000 23.43
013.590000 21.96
013.600000 23.55
013.610000 23.75
013.620000 23.89
013.630000 24.41
013.640000 23.02
013.650000 22.96
013.660000 23.60
013.670000 22.36
013.680000 24.19
013.690000 23.05
013.700000 23.76
013.710000 24.85
013.720000 23.10
013.730000 23.52
013.740000 22.85
013.750000 22.53
013.760000 23.25
013.770000 22.63
013.780000 23.21
013.790000 23.64
013.800000 22.90
013.810000 23.10
013.820000 24.26
013.830000 22.96
013.840000 22.25
013.850000 23.95
013.860000 24.41
013.870000 22.45
013.880000 24.14
013.890000 23.20
013.900000 23.18
013.910000 21.90
013.920000 22.74
013.930000 23.73
013.940000 23.07
013.950000 23.73
013.960000 23.64
013.970000 23.68
013.980000 23.24
013.990000 21.69
014.000000 22.88
014.010000 24.26
014.020000 24.23
014.030000 23.13
014.040000 22.19
014.050000 22.89
014.060000 22.94
014.070000 23.97
014.080000 23.83
014.090000 23.68
014.100000 25.13
014.110000 23.38
014.120000 23.23
014.130000 22.22
014.140000 23.39
014.150000 24.34
014.160000 22.62
014.170000 23.54
014.180000 23.14
014.190000 22.79
014.200000 22.75
014.210000 23.22
014.220000 23.31
014.230000 24.46
014.240000 23.40
014.250000 23.17
014.260000 23.19
014.270000 24.16
014.280000 22.53
014.290000 22.72
014.300000 23.41
014.310000 22.43
014.320000 24.12
014.330000 22.77
014.340000 22.97
014.350000 24.71
014.360000 21.87
014.370000 23.75
014.380000 23.44
014.390000 23.87
014.400000 23.78
014.410000 23.40
014.420000 22.93
014.430000 24.78
014.440000 24.25
014.450000 22.46
014.460000 23.52
014.470000 22.94
014.480000 23.76
014.490000 22.66
014.500000 23.47
014.510000 23.61
014.520000 22.91
014.530000 23.87
014.540000 23.21
014.550000 23.76
014.560000 23.05
014.570000 23.48
014.580000 24.36
014.590000 24.04
014.600000 22.55
014.610000 23.68
014.620000 22.94
014.630000 23.72
014.640000 23.26
014.650000 23.38
014.660000 23.17
014.670000 22.65
014.680000 22.89
014.690000 23.81
014.700000 23.03
014.710000 23.71
014.720000 23.54
014.730000 23.32
014.740000 22.65
014.750000 23.41
014.760000 22.53
014.770000 22.27
014.780000 22.88
014.790000 23.41
014.800000 22.49
014.810000 22.72
014.820000 22.82
014.830000 23.36
014.840000 23.37
014.850000 22.76
014.860000 22.99
014.870000 23.49
014.880000 24.39
014.890000 22.86
014.900000 21.78
014.910000 23.43
014.920000 23.96
014.930000 23.18
014.940000 23.13
014.950000 23.76
014.960000 23.12
014.970000 23.19
014.980000 23.28
014.990000 23.44
015.000000 23.34
015.010000 22.20
015.020000 23.10
015.030000 22.76
015.040000 23.31
015.050000 23.70
015.060000 23.15
015.070000 24.00
015.080000 22.39
015.090000 23.70
015.100000 22.66
015.110000 23.86
015.120000 22.94
015.130000 22.61
015.140000 22.66
015.150000 23.82
015.160000 22.83
015.170000 22.87
015.180000 22.92
015.190000 24.06
015.200000 23.36
015.210000 22.25
015.220000 23.41
015.230000 23.36
015.240000 23.66
015.250000 23.30
015.260000 24.42
015.270000 22.59
015.280000 23.46
015.290000 22.81
015.300000 23.64
015.310000 23.07
015.320000 22.95
015.330000 23.18
015.340000 23.19
015.350000 22.93
015.360000 23.74
015.370000 22.32
015.380000 24.10
015.390000 23.90
015.400000 22.70
015.410000 23.26
015.420000 23.29
015.430000 23.92
015.440000 23.35
015.450000 21.89
015.460000 23.40
015.470000 23.70
015.480000 23.46
015.490000 22.70
015.500000 23.42
015.510000 23.88
015.520000 23.30
015.530000 22.92
015.540000 23.29
015.550000 24.27
015.560000 23.47
015.570000 23.43
015.580000 23.66
015.590000 23.58
015.600000 23.77
015.610000 22.50
015.620000 24.30
015.630000 23.21
015.640000 23.40
015.650000 22.64
015.660000 22.27
015.670000 22.56
015.680000 23.33
015.690000 22.58
015.700000 22.09
015.710000 23.61
015.720000 23.65
015.730000 23.07
015.740000 23.76
015.750000 23.86
015.760000 23.75
015.770000 22.70
015.780000 24.21
015.790000 22.22
015.800000 23.14
015.810000 23.38
015.820000 23.14
015.830000 23.47
015.840000 24.51
015.850000 23.21
015.860000 23.16
015.870000 23.43
015.880000 23.14
015.890000 23.75
015.900000 23.21
015.910000 23.07
015.920000 23.99
015.930000 24.24
015.940000 22.93
015.950000 23.02
015.960000 22.78
015.970000 23.20
015.980000 23.41
015.990000 22.52
016.000000 23.90
016.010000 23.05
016.020000 23.43
016.030000 23.05
016.040000 23.62
016.050000 23.40
016.060000 24.03
016.070000 22.49
016.080000 23.32
016.090000 22.67
016.100000 22.50
016.110000 22.91
016.120000 23.38
016.130000 23.38
016.140000 22.50
016.150000 22.11
016.160000 24.25
016.170000 22.70
016.180000 23.53
016.190000 23.41
016.200000 23.15
016.210000 24.50
016.220000 24.32
016.230000 22.86
016.240000 23.23
016.250000 23.32
016.260000 22.67
016.270000 23.80
016.280000 22.68
016.290000 23.72
016.300000 23.91
016.310000 22.31
016.320000 23.48
016.330000 23.32
016.340000 23.43
016.350000 22.68
016.360000 24.49
016.370000 23.15
016.380000 23.93
016.390000 22.93
016.400000 22.50
016.410000 22.58
016.420000 22.82
016.430000 23.30
016.440000 23.10
016.450000 22.87
016.460000 23.65
016.470000 23.30
016.480000 23.65
016.490000 23.59
016.500000 23.46
016.510000 24.01
016.520000 24.61
016.530000 22.96
016.540000 23.39
016.550000 23.36
016.560000 24.04
016.570000 23.53
016.580000 21.18
016.590000 23.97
016.600000 22.65
016.610000 22.71
016.620000 22.66
016.630000 23.00
016.640000 23.01
016.650000 22.48
016.660000 23.81
016.670000 23.74
016.680000 22.60
016.690000 23.16
016.700000 22.46
016.710000 23.76
016.720000 23.57
016.730000 23.21
016.740000 24.09
016.750000 22.28
016.760000 22.18
016.770000 24.00
016.780000 23.09
016.790000 22.25
016.800000 23.03
016.810000 23.13
016.820000 24.03
016.830000 22.60
016.840000 24.43
016.850000 23.43
016.860000 23.12
016.870000 22.47
016.880000 24.18
016.890000 23.90
016.900000 24.18
016.910000 23.32
016.920000 21.87
016.930000 23.74
016.940000 22.83
016.950000 23.16
016.960000 22.87
016.970000 22.30
016.980000 22.88
016.990000 24.30
017.000000 23.18
017.010000 23.23
017.020000 23.31
017.030000 23.29
017.040000 23.22
017.050000 23.36
017.060000 23.48
017.070000 24.41
017.080000 21.87
017.090000 23.06
017.100000 22.92
017.110000 22.90
017.120000 22.95
017.130000 24.21
017.140000 23.69
017.150000 23.36
017.160000 23.33
017.170000 22.99
017.180000 24.10
017.190000 22.82
017.200000 22.82
017.210000 24.93
017.220000 23.03
017.230000 23.38
017.240000 22.89
017.250000 23.70
017.260000 22.31
017.270000 22.53
017.280000 23.78
017.290000 23.66
017.300000 23.38
017.310000 23.22
017.320000 23.93
017.330000 23.78
017.340000 23.07
017.350000 22.51
017.360000 22.51
017.370000 23.45
017.380000 23.52
017.390000 22.80
017.400000 23.75
017.410000 22.98
017.420000 23.44
017.430000 23.33
017.440000 23.24
017.450000 23.60
017.460000 22.53
017.470000 23.73
017.480000 23.37
017.490000 23.17
017.500000 23.86
017.510000 23.85
017.520000 23.83
017.530000 24.08
017.540000 22.95
017.550000 22.86
017.560000 23.85
017.570000 23.90
017.580000 24.41
017.590000 23.43
017.600000 23.75
017.610000 23.70
017.620000 23.41
017.630000 23.20
017.640000 24.82
017.650000 24.00
017.660000 23.67
017.670000 23.40
017.680000 23.22
017.690000 23.42
017.700000 23.83
017.710000 24.26
017.720000 22.72
017.730000 22.51
017.740000 24.26
017.750000 22.64
017.760000 23.33
017.770000 23.11
017.780000 22.65
017.790000 23.45
017.800000 22.60
017.810000 22.33
017.820000 22.75
017.830000 23.20
017.840000 25.77
017.850000 24.93
017.860000 23.24
017.870000 23.88
017.880000 23.12
017.890000 22.48
017.900000 23.14
017.910000 23.83
017.920000 21.83
017.930000 23.26
017.940000 23.63
017.950000 22.69
017.960000 23.38
017.970000 23.31
017.980000 22.35
017.990000 23.23
018.000000 22.20
018.010000 24.17
018.020000 23.04
018.030000 22.60
018.040000 23.10
018.050000 22.89
018.060000 22.66
018.070000 23.18
018.080000 23.54
018.090000 22.71
018.100000 23.35
018.110000 22.67
018.120000 23.63
018.130000 23.42
018.140000 22.92
018.150000 23.26
018.160000 23.96
018.170000 23.75
018.180000 23.59
018.190000 22.82
018.200000 23.05
018.210000 22.90
018.220000 23.48
018.230000 23.14
018.240000 23.41
018.250000 23.28
018.260000 23.30
018.270000 23.13
018.280000 22.75
018.290000 23.99
018.300000 24.21
018.310000 22.87
018.320000 22.93
018.330000 22.94
018.340000 23.60
018.350000 23.84
018.360000 24.00
018.370000 22.62
018.380000 23.79
018.390000 22.60
018.400000 22.81
018.410000 23.97
018.420000 23.63
018.430000 24.49
018.440000 22.10
018.450000 23.37
018.460000 23.26
018.470000 24.58
018.480000 22.75
018.490000 23.86
018.500000 22.61
018.510000 22.53
018.520000 22.46
018.530000 23.63
018.540000 22.71
018.550000 23.99
018.560000 22.96
018.570000 22.98
018.580000 24.50
018.590000 22.68
018.600000 22.88
018.610000 22.52
018.620000 24.35
018.630000 23.15
018.640000 24.56
018.650000 22.38
018.660000 24.59
018.670000 24.29
018.680000 22.82
018.690000 23.56
018.700000 23.26
018.710000 22.95
018.720000 23.80
018.730000 23.24
018.740000 24.41
018.750000 22.22
018.760000 23.18
018.770000 23.68
018.780000 23.63
018.790000 23.70
018.800000 23.06
018.810000 22.49
018.820000 22.81
018.830000 23.14
018.840000 24.83
018.850000 23.17
018.860000 23.69
018.870000 23.37
018.880000 23.07
018.890000 23.56
018.900000 23.98
018.910000 22.79
018.920000 22.77
018.930000 24.23
018.940000 23.53
018.950000 22.37
018.960000 22.36
018.970000 22.74
018.980000 23.92
018.990000 23.05
019.000000 23.02
019.010000 24.10
019.020000 24.23
019.030000 22.74
019.040000 23.21
019.050000 22.64
019.060000 22.84
019.070000 22.93
019.080000 23.06
019.090000 23.85
019.100000 23.49
019.110000 23.52
019.120000 23.34
019.130000 22.95
019.140000 24.68
019.150000 23.21
019.160000 24.22
019.170000 22.86
019.180000 23.15
019.190000 23.19
019.200000 23.34
019.210000 23.65
019.220000 22.95
019.230000 22.23
019.240000 22.31
019.250000 23.67
019.260000 22.07
019.270000 23.11
019.280000 22.15
019.290000 23.49
019.300000 23.31
019.310000 24.33
019.320000 23.00
019.330000 22.32
019.340000 23.89
019.350000 22.92
019.360000 22.08
019.370000 22.93
019.380000 23.82
019.390000 22.57
019.400000 23.35
019.410000 23.37
019.420000 22.41
019.430000 23.51
019.440000 23.73
019.450000 23.98
019.460000 23.54
019.470000 22.14
019.480000 22.98
019.490000 23.67
019.500000 23.78
019.510000 24.52
019.520000 22.64
019.530000 23.46
019.540000 22.22
019.550000 22.92
019.560000 24.38
019.570000 22.28
019.580000 24.02
019.590000 22.93
019.600000 22.53
019.610000 23.17
019.620000 23.05
019.630000 23.40
019.640000 23.58
019.650000 22.95
019.660000 24.09
019.670000 22.61
019.680000 22.51
019.690000 22.27
019.700000 23.22
019.710000 24.49
019.720000 22.28
019.730000 23.57
019.740000 23.49
019.750000 22.81
019.760000 23.02
019.770000 23.51
019.780000 22.86
019.790000 23.41
019.800000 22.44
019.810000 23.18
019.820000 23.40
019.830000 23.50
019.840000 23.30
019.850000 23.76
019.860000 22.35
019.870000 22.93
019.880000 23.08
019.890000 21.90
019.900000 23.35
019.910000 22.58
019.920000 23.77
019.930000 22.31
019.940000 23.33
019.950000 23.36
019.960000 23.78
019.970000 23.87
019.980000 24.40
019.990000 22.84
020.000000 23.21
020.010000 23.58
020.020000 23.04
020.030000 22.41
020.040000 23.06
020.050000 22.41
020.060000 23.56
020.070000 23.90
020.080000 22.64
020.090000 22.98
020.100000 23.10
020.110000 21.92
020.120000 23.98
020.130000 23.75
020.140000 23.16
020.150000 23.96
020.160000 23.42
020.170000 22.57
020.180000 22.46
020.190000 23.29
020.200000 23.82
020.210000 22.53
020.220000 23.46
020.230000 24.99
020.240000 23.33
020.250000 24.22
020.260000 22.60
020.270000 24.22
020.280000 24.02
020.290000 24.17
020.300000 22.88
020.310000 23.05
020.320000 22.93
020.330000 22.77
020.340000 23.27
020.350000 23.65
020.360000 23.68
020.370000 23.32
020.380000 23.89
020.390000 23.50
020.400000 24.17
020.410000 22.07
020.420000 24.07
020.430000 22.28
020.440000 23.48
020.450000 22.41
020.460000 23.57
020.470000 22.66
020.480000 23.77
020.490000 23.24
020.500000 22.72
020.510000 23.00
020.520000 22.18
020.530000 22.84
020.540000 23.74
020.550000 23.26
020.560000 23.78
020.570000 23.29
020.580000 23.10
020.590000 22.81
020.600000 22.86
020.610000 23.19
020.620000 22.80
020.630000 22.22
020.640000 22.73
020.650000 23.04
020.660000 22.22
020.670000 23.73
020.680000 23.94
020.690000 23.41
020.700000 24.03
020.710000 23.72
020.720000 23.22
020.730000 24.35
020.740000 23.35
020.750000 22.58
020.760000 23.30
020.770000 23.97
020.780000 23.15
020.790000 24.07
020.800000 23.53
020.810000 22.90
020.820000 23.40
020.830000 24.04
020.840000 23.09
020.850000 23.00
020.860000 22.81
020.870000 22.64
020.880000 23.22
020.890000 23.60
020.900000 23.10
020.910000 23.83
020.920000 23.07
020.930000 23.59
020.940000 23.73
020.950000 23.73
020.960000 23.93
020.970000 23.19
020.980000 22.23
020.990000 22.83
021.000000 23.93
021.010000 24.32
021.020000 22.81
021.030000 21.73
021.040000 23.72
021.050000 23.49
021.060000 24.51
021.070000 23.15
021.080000 23.53
021.090000 23.16
021.100000 22.90
021.110000 23.37
021.120000 22.86
021.130000 23.10
021.140000 23.76
021.150000 23.02
021.160000 23.34
021.170000 23.77
021.180000 22.83
021.190000 23.47
021.200000 24.11
021.210000 24.49
021.220000 23.05
021.230000 24.07
021.240000 22.24
021.250000 23.17
021.260000 23.52
021.270000 22.28
021.280000 23.53
021.290000 21.94
021.300000 22.70
021.310000 22.46
021.320000 24.47
021.330000 23.16
021.340000 23.25
021.350000 22.78
021.360000 24.00
021.370000 24.07
021.380000 24.29
021.390000 23.28
021.400000 24.37
021.410000 22.49
021.420000 22.85
021.430000 23.16
021.440000 23.83
021.450000 23.43
021.460000 22.91
021.470000 24.69
021.480000 23.16
021.490000 23.67
021.500000 23.10
021.510000 23.51
021.520000 24.21
021.530000 23.92
021.540000 24.07
021.550000 23.36
021.560000 23.50
021.570000 24.18
021.580000 23.58
021.590000 23.63
021.600000 23.16
021.610000 22.81
021.620000 23.54
021.630000 23.28
021.640000 22.22
021.650000 23.54
021.660000 23.84
021.670000 22.57
021.680000 24.11
021.690000 24.56
021.700000 23.37
021.710000 23.24
021.720000 23.68
021.730000 22.93
021.740000 23.86
021.750000 23.37
021.760000 23.12
021.770000 22.77
021.780000 24.86
021.790000 23.74
021.800000 23.70
021.810000 23.79
021.820000 24.37
021.830000 23.09
021.840000 22.87
021.850000 23.05
021.860000 22.71
021.870000 23.08
021.880000 23.38
021.890000 23.20
021.900000 23.87
021.910000 23.70
021.920000 24.09
021.930000 23.06
021.940000 23.61
021.950000 23.62
021.960000 23.70
021.970000 23.13
021.980000 23.84
021.990000 22.76
022.000000 23.14
022.010000 23.78
022.020000 21.98
022.030000 22.58
022.040000 22.77
022.050000 23.38
022.060000 23.17
022.070000 22.94
022.080000 23.80
022.090000 23.98
022.100000 23.63
022.110000 24.09
022.120000 22.98
022.130000 23.71
022.140000 22.96
022.150000 22.96
022.160000 23.26
022.170000 21.84
022.180000 23.62
022.190000 22.66
022.200000 23.87
022.210000 23.07
022.220000 24.42
022.230000 23.18
022.240000 23.56
022.250000 24.09
022.260000 22.55
022.270000 24.07
022.280000 22.70
022.290000 23.35
022.300000 23.73
022.310000 24.65
022.320000 23.64
022.330000 23.53
022.340000 23.57
022.350000 22.46
022.360000 23.25
022.370000 23.50
022.380000 23.08
022.390000 23.26
022.400000 23.46
022.410000 23.44
022.420000 23.69
022.430000 23.70
022.440000 23.54
022.450000 24.91
022.460000 23.56
022.470000 23.83
022.480000 23.41
022.490000 22.67
022.500000 22.76
022.510000 23.11
022.520000 22.59
022.530000 23.67
022.540000 23.31
022.550000 23.16
022.560000 24.22
022.570000 22.83
022.580000 23.21
022.590000 22.46
022.600000 22.61
022.610000 23.23
022.620000 23.42
022.630000 21.85
022.640000 22.21
022.650000 23.92
022.660000 23.30
022.670000 23.16
022.680000 23.86
022.690000 23.47
022.700000 22.56
022.710000 24.39
022.720000 22.33
022.730000 22.95
022.740000 23.05
022.750000 24.10
022.760000 23.56
022.770000 23.24
022.780000 24.24
022.790000 22.99
022.800000 23.07
022.810000 23.45
022.820000 22.63
022.830000 23.64
022.840000 23.90
022.850000 23.66
022.860000 22.92
022.870000 23.20
022.880000 22.75
022.890000 21.78
022.900000 24.51
022.910000 22.99
022.920000 22.66
022.930000 23.03
022.940000 23.76
022.950000 21.07
022.960000 23.74
022.970000 19.21
022.980000 20.34
022.990000 23.40
023.000000 22.29
023.010000 21.58
023.020000 21.08
023.030000 21.49
023.040000 20.38
023.050000 22.78
023.060000 22.04
023.070000 23.46
023.080000 22.35
023.090000 22.73
023.100000 23.72
023.110000 22.27
023.120000 23.87
023.130000 23.23
023.140000 23.09
023.150000 22.80
023.160000 23.61
023.170000 23.35
023.180000 23.93
023.190000 23.51
023.200000 23.67
023.210000 23.33
023.220000 23.19
023.230000 23.66
023.240000 23.28
023.250000 22.85
023.260000 23.27
023.270000 23.90
023.280000 22.46
023.290000 22.66
023.300000 22.81
023.310000 22.53
023.320000 23.63
023.330000 24.12
023.340000 22.23
023.350000 23.55
023.360000 23.24
023.370000 23.20
023.380000 23.25
023.390000 23.34
023.400000 23.67
023.410000 23.16
023.420000 23.39
023.430000 23.32
023.440000 24.18
023.450000 24.02
023.460000 22.77
023.470000 23.35
023.480000 23.61
023.490000 23.43
023.500000 23.70
023.510000 24.00
023.520000 23.26
023.530000 23.37
023.540000 23.54
023.550000 22.53
023.560000 23.60
023.570000 22.62
023.580000 23.62
023.590000 23.45
023.600000 23.25
023.610000 22.26
023.620000 23.17
023.630000 23.45
023.640000 23.48
023.650000 22.90
023.660000 23.53
023.670000 22.95
023.680000 23.11
023.690000 23.70
023.700000 23.61
023.710000 22.72
023.720000 23.60
023.730000 24.85
023.740000 24.46
023.750000 22.23
023.760000 24.28
023.770000 24.01
023.780000 23.01
023.790000 23.76
023.800000 23.20
023.810000 23.83
023.820000 23.92
023.830000 23.62
023.840000 22.60
023.850000 23.88
023.860000 22.67
023.870000 22.08
023.880000 23.14
023.890000 23.58
023.900000 23.40
023.910000 23.03
023.920000 23.90
023.930000 23.00
023.940000 23.61
023.950000 23.16
023.960000 22.61
023.970000 22.79
023.980000 23.64
023.990000 23.23
024.000000 22.95
024.010000 23.41
024.020000 23.10
024.030000 23.69
024.040000 24.04
024.050000 22.51
024.060000 22.93
024.070000 23.54
024.080000 21.96
024.090000 22.53
024.100000 23.71
024.110000 23.08
024.120000 22.63
024.130000 23.62
024.140000 23.89
024.150000 23.55
024.160000 23.57
024.170000 23.74
024.180000 23.70
024.190000 22.90
024.200000 23.48
024.210000 22.90
024.220000 22.87
024.230000 23.37
024.240000 23.88
024.250000 24.69
024.260000 23.02
024.270000 23.82
024.280000 23.12
024.290000 24.39
024.300000 23.41
024.310000 23.73
024.320000 22.66
024.330000 24.23
024.340000 23.77
024.350000 22.80
024.360000 23.73
024.370000 23.85
024.380000 22.26
024.390000 22.27
024.400000 23.65
024.410000 23.09
024.420000 23.95
024.430000 22.64
024.440000 23.40
024.450000 23.55
024.460000 23.63
024.470000 22.81
024.480000 22.38
024.490000 23.61
024.500000 23.15
024.510000 22.50
024.520000 23.21
024.530000 23.73
024.540000 23.89
024.550000 22.96
024.560000 23.02
024.570000 24.45
024.580000 22.93
024.590000 22.93
024.600000 22.75
024.610000 23.62
024.620000 23.12
024.630000 23.16
024.640000 21.68
024.650000 23.11
024.660000 23.97
024.670000 23.78
024.680000 24.39
024.690000 23.49
024.700000 22.90
024.710000 24.05
024.720000 23.84
024.730000 22.52
024.740000 24.62
024.750000 21.96
024.760000 24.20
024.770000 22.82
024.780000 23.43
024.790000 22.21
024.800000 23.99
024.810000 21.66
024.820000 23.59
024.830000 23.51
024.840000 24.67
024.850000 23.52
024.860000 22.87
024.870000 23.48
024.880000 24.07
024.890000 23.48
024.900000 22.46
024.910000 23.13
024.920000 24.29
024.930000 23.59
024.940000 23.32
024.950000 24.16
024.960000 22.80
024.970000 23.69
024.980000 23.43
024.990000 23.99
025.000000 23.04
025.010000 22.53
025.020000 22.67
025.030000 23.99
025.040000 23.53
025.050000 23.12
025.060000 21.69
025.070000 23.57
025.080000 23.38
025.090000 24.08
025.100000 23.85
025.110000 23.14
025.120000 22.73
025.130000 24.01
025.140000 22.97
025.150000 23.46
025.160000 23.80
025.170000 23.79
025.180000 23.73
025.190000 22.87
025.200000 24.71
025.210000 23.57
025.220000 23.16
025.230000 21.99
025.240000 23.44
025.250000 22.81
025.260000 23.78
025.270000 23.43
025.280000 23.07
025.290000 23.47
025.300000 23.23
025.310000 23.76
025.320000 23.56
025.330000 23.61
025.340000 23.47
025.350000 23.21
025.360000 23.24
025.370000 23.56
025.380000 24.07
025.390000 23.29
025.400000 24.16
025.410000 22.83
025.420000 24.06
025.430000 24.10
025.440000 24.47
025.450000 23.27
025.460000 22.36
025.470000 23.26
025.480000 23.62
025.490000 23.87
025.500000 23.47
025.510000 22.66
025.520000 22.74
025.530000 23.36
025.540000 21.83
025.550000 22.68
025.560000 24.46
025.570000 22.77
025.580000 22.34
025.590000 22.69
025.600000 24.02
025.610000 23.76
025.620000 23.48
025.630000 22.64
025.640000 23.00
025.650000 23.24
025.660000 22.92
025.670000 23.37
025.680000 22.85
025.690000 24.67
025.700000 23.78
025.710000 23.20
025.720000 22.69
025.730000 23.05
025.740000 23.80
025.750000 22.67
025.760000 22.12
025.770000 22.95
025.780000 23.52
025.790000 23.97
025.800000 23.83
025.810000 23.59
025.820000 23.66
025.830000 22.85
025.840000 23.31
025.850000 23.16
025.860000 22.87
025.870000 22.74
025.880000 22.86
025.890000 23.35
025.900000 23.84
025.910000 23.16
025.920000 23.49
025.930000 22.89
025.940000 22.89
025.950000 22.21
025.960000 23.56
025.970000 24.06
025.980000 21.90
025.990000 23.09
026.000000 23.11
026.010000 23.12
026.020000 23.33
026.030000 23.44
026.040000 23.24
026.050000 22.98
026.060000 23.74
026.070000 24.35
026.080000 22.66
026.090000 23.16
026.100000 22.40
026.110000 23.92
026.120000 24.01
026.130000 24.33
026.140000 23.38
026.150000 22.26
026.160000 22.92
026.170000 23.51
026.180000 22.70
026.190000 23.39
026.200000 24.23
026.210000 22.43
026.220000 23.77
026.230000 23.93
026.240000 24.05
026.250000 22.87
026.260000 22.53
026.270000 23.01
026.280000 23.23
026.290000 23.44
026.300000 22.73
026.310000 23.25
026.320000 23.57
026.330000 22.80
026.340000 22.69
026.350000 22.59
026.360000 22.95
026.370000 23.58
026.380000 23.66
026.390000 22.56
026.400000 22.50
026.410000 22.32
026.420000 22.63
026.430000 22.54
026.440000 24.05
026.450000 23.82
026.460000 23.53
026.470000 23.70
026.480000 23.73
026.490000 23.03
026.500000 22.88
026.510000 23.39
026.520000 23.39
026.530000 22.95
026.540000 23.83
026.550000 23.99
026.560000 24.18
026.570000 22.72
026.580000 22.37
026.590000 23.75
026.600000 23.46
026.610000 22.63
026.620000 23.72
026.630000 23.07
026.640000 23.12
026.650000 22.49
026.660000 23.76
026.670000 22.68
026.680000 22.89
026.690000 23.59
026.700000 22.54
026.710000 23.26
026.720000 23.20
026.730000 23.06
026.740000 22.61
026.750000 23.73
026.760000 23.51
026.770000 23.03
026.780000 22.79
026.790000 22.28
026.800000 22.76
026.810000 22.70
026.820000 23.45
026.830000 23.32
026.840000 23.22
026.850000 22.78
026.860000 23.33
026.870000 23.25
026.880000 22.68
026.890000 23.09
026.900000 23.15
026.910000 22.57
026.920000 23.92
026.930000 22.58
026.940000 22.49
026.950000 22.24
026.960000 23.09
026.970000 25.08
026.980000 23.02
026.990000 23.34
027.000000 23.76
027.010000 24.61
027.020000 23.31
027.030000 23.27
027.040000 22.69
027.050000 23.28
027.060000 22.35
027.070000 22.37
027.080000 23.39
027.090000 22.95
027.100000 23.63
027.110000 23.46
027.120000 23.43
027.130000 24.06
027.140000 23.23
027.150000 22.45
027.160000 23.04
027.170000 23.48
027.180000 23.54
027.190000 24.15
027.200000 22.76
027.210000 23.67
027.220000 23.10
027.230000 24.09
027.240000 23.36
027.250000 22.92
027.260000 23.65
027.270000 23.69
027.280000 23.15
027.290000 22.13
027.300000 22.70
027.310000 23.75
027.320000 23.82
027.330000 23.14
027.340000 24.10
027.350000 3.38
027.360000 0.00
027.370000 0.00
027.380000 0.00
027.390000 0.00
027.400000 0.00
027.410000 0.00
027.420000 0.00
027.430000 0.00
027.440000 0.00
027.450000 0.00
027.460000 0.00
027.470000 0.00
027.480000 0.00
027.490000 0.00
027.500000 0.00
027.510000 0.00
027.520000 0.00
027.530000 0.00
027.540000 0.00
027.550000 0.00
027.560000 0.00
027.570000 0.00
027.580000 0.00
027.590000 0.00
027.600000 0.00
027.610000 0.00
027.620000 0.00
027.630000 0.00
027.640000 0.00
027.650000 0.00
027.660000 0.00
027.670000 0.00
027.680000 0.00
027.690000 0.00
027.700000 0.00
027.710000 0.00
027.720000 0.00
027.730000 0.00
027.740000 0.00
027.750000 0.00
027.760000 0.00
027.770000 0.00
027.780000 0.00
027.790000 0.00
027.800000 0.00
027.810000 0.00
027.820000 0.00
027.830000 0.00
027.840000 0.00
027.850000 0.00
027.860000 0.00
027.870000 0.00
027.880000 0.00
027.890000 0.00
027.900000 0.00
027.910000 0.00
027.920000 0.00
027.930000 0.00
027.940000 0.00
027.950000 0.00
027.960000 0.00
027.970000 0.00
027.980000 0.00
027.990000 0.00
028.000000 0.00
028.010000 0.00
028.020000 0.00
028.030000 0.00
028.040000 0.00
028.050000 0.00
028.060000 0.00
028.070000 0.00
028.080000 0.00
028.090000 0.00
028.100000 0.00
028.110000 0.00
028.120000 0.00
028.130000 0.00
028.140000 0.00
028.150000 0.00
028.160000 0.00
028.170000 0.00
028.180000 0.00
028.190000 0.00
028.200000 0.00
028.210000 0.00
028.220000 0.00
028.230000 0.00
028.240000 0.00
028.250000 0.00
028.260000 0.00
028.270000 0.00
028.280000 0.00
028.290000 0.00
028.300000 0.00
028.310000 0.00
028.320000 0.00
028.330000 0.00
028.340000 0.00
028.350000 0.00
028.360000 0.00
028.370000 0.00
028.380000 0.00
028.390000 0.00
028.400000 0.00
028.410000 0.00
028.420000 0.00
028.430000 0.00
028.440000 0.00
028.450000 0.00
028.460000 0.00
028.470000 0.00
028.480000 0.00
028.490000 0.00
028.500000 0.00
028.510000 0.00
028.520000 0.00
028.530000 0.00
028.540000 0.00
028.550000 0.00
028.560000 0.00
028.570000 0.00
028.580000 0.00
028.590000 0.00
028.600000 0.00
028.610000 0.00
028.620000 0.00
028.630000 0.00
028.640000 0.00
028.650000 0.00
028.660000 0.00
028.670000 0.00
028.680000 0.00
028.690000 0.00
028.700000 0.00
028.710000 0.00
028.720000 0.00
028.730000 0.00
028.740000 0.00
028.750000 0.00
028.760000 0.00
028.770000 0.00
028.780000 0.00
028.790000 0.00
028.800000 0.00
028.810000 0.00
028.820000 0.00
028.830000 0.00
028.840000 0.00
028.850000 0.00
028.860000 0.00
028.870000 0.00
028.880000 0.00
028.890000 0.00
028.900000 0.00
028.910000 0.00
028.920000 0.00
028.930000 0.00
028.940000 0.00
028.950000 0.00
028.960000 0.00
028.970000 0.00
028.980000 0.00
028.990000 0.00
029.000000 0.00
029.010000 0.00
029.020000 0.00
029.030000 0.00
029.040000 0.00
029.050000 0.00
029.060000 0.00
029.070000 0.00
029.080000 0.00
029.090000 0.00
029.100000 0.00
029.110000 0.00
029.120000 0.00
029.130000 0.00
029.140000 0.00
029.150000 0.00
029.160000 0.00
029.170000 0.00
029.180000 0.00
029.190000 0.00
029.200000 0.00
029.210000 0.00
029.220000 0.00
029.230000 0.00
029.240000 0.00
029.250000 0.00
029.260000 0.00
029.270000 0.00
029.280000 0.00
029.290000 0.00
029.300000 0.00
029.310000 0.00
029.320000 0.00
029.330000 0.00
029.340000 0.00
029.350000 0.00
029.360000 0.00
029.370000 0.00
029.380000 0.00
029.390000 0.00
029.400000 0.00
029.410000 0.00
029.420000 0.00
029.430000 0.00
029.440000 0.00
029.450000 0.00
029.460000 0.00
029.470000 0.00
029.480000 0.00
029.490000 0.00
029.500000 0.00
029.510000 0.00
029.520000 0.00
029.530000 0.00
029.540000 0.00
029.550000 0.00
029.560000 0.00
029.570000 0.00
029.580000 0.00
029.590000 0.00
029.600000 0.00
029.610000 0.00
029.620000 0.00
029.630000 0.00
029.640000 0.00
029.650000 0.00
029.660000 0.00
029.670000 0.00
029.680000 0.00
029.690000 0.00
029.700000 0.00
029.710000 0.00
029.720000 0.00
029.730000 0.00
029.740000 0.00
029.750000 0.00
029.760000 0.00
029.770000 0.00
029.780000 0.00
029.790000 0.00
029.800000 0.00
029.810000 0.00
029.820000 0.00
029.830000 0.00
029.840000 0.00
029.850000 0.00
029.860000 0.00
029.870000 0.00
029.880000 0.00
029.890000 0.00
029.900000 0.00
029.910000 0.00
029.920000 0.00
029.930000 0.00
029.940000 0.00
029.950000 0.00
029.960000 0.00
029.970000 0.00
029.980000 0.00
029.990000 0.00
030.000000 0.00
