000.100000 0.00
000.200000 0.00
000.300000 0.00
000.400000 87.36
000.500000 95.83
000.600000 100.28
000.700000 97.87
000.800000 97.64
000.900000 97.63
001.000000 97.63
001.100000 97.61
001.200000 97.65
001.300000 97.65
001.400000 97.65
001.500000 97.65
001.600000 97.65
001.700000 97.77
001.800000 99.33
001.900000 97.65
002.000000 97.65
002.100000 97.65
002.200000 101.38
002.300000 98.96
002.400000 97.64
002.500000 97.62
002.600000 97.64
002.700000 97.64
002.800000 97.64
002.900000 97.65
003.000000 97.65
003.100000 97.64
003.200000 97.65
003.300000 97.65
003.400000 98.85
003.500000 100.52
003.600000 98.97
003.700000 97.64
003.800000 97.61
003.900000 97.64
004.000000 97.64
004.100000 97.64
004.200000 99.43
004.300000 98.69
004.400000 97.64
004.500000 97.64
004.600000 97.64
004.700000 98.00
004.800000 95.84
004.900000 97.65
005.000000 98.11
005.100000 100.26
005.200000 99.94
005.300000 97.64
005.400000 97.64
005.500000 97.64
005.600000 97.62
005.700000 98.01
005.800000 97.64
005.900000 97.65
006.000000 97.65
006.100000 97.64
006.200000 98.71
006.300000 97.65
006.400000 97.65
006.500000 97.65
006.600000 97.65
006.700000 98.01
006.800000 101.26
006.900000 97.61
007.000000 97.63
007.100000 97.65
007.200000 97.65
007.300000 97.65
007.400000 97.65
007.500000 97.65
007.600000 98.00
007.700000 100.53
007.800000 99.80
007.900000 97.64
008.000000 97.64
008.100000 97.64
008.200000 98.34
008.300000 97.64
008.400000 97.63
008.500000 97.64
008.600000 97.65
008.700000 97.65
008.800000 99.04
008.900000 97.65
009.000000 97.65
009.100000 97.65
009.200000 97.65
009.300000 97.65
009.400000 97.77
009.500000 102.20
009.600000 97.64
009.700000 97.64
009.800000 97.63
009.900000 97.62
010.000000 97.64
010.100000 97.64
010.200000 97.65
010.300000 97.65
010.400000 97.65
010.500000 97.65
010.600000 99.69
010.700000 98.36
010.800000 97.04
010.900000 97.65
011.000000 97.65
011.100000 98.97
011.200000 100.41
011.300000 98.97
011.400000 97.63
011.500000 97.63
011.600000 97.64
011.700000 97.64
011.800000 97.64
011.900000 97.65
012.000000 97.65
012.100000 97.64
012.200000 97.65
012.300000 100.53
012.400000 97.64
012.500000 97.64
012.600000 99.46
012.700000 3.74
012.800000 0.00
012.900000 0.00
013.000000 0.00
013.100000 0.00
013.200000 0.00
013.300000 0.00
013.400000 0.00
013.500000 0.00
013.600000 0.00
013.700000 0.00
013.800000 0.00
013.900000 0.00
014.000000 0.00
014.100000 0.00
014.200000 0.00
014.300000 0.00
014.400000 0.00
014.500000 0.00
014.600000 0.00
014.700000 0.00
014.800000 0.00
014.900000 0.00
015.000000 0.00
015.100000 0.00
015.200000 0.00
015.300000 0.00
015.400000 0.00
015.500000 0.00
015.600000 0.00
015.700000 0.00
015.800000 0.00
015.900000 0.00
016.000000 0.00
016.100000 0.00
016.200000 0.00
016.300000 0.00
016.400000 0.00
016.500000 0.00
016.600000 0.00
016.700000 0.00
016.800000 0.00
016.900000 0.00
017.000000 0.00
017.100000 0.00
017.200000 0.00
017.300000 0.00
017.400000 0.00
017.500000 0.00
017.600000 0.00
017.700000 0.00
017.800000 0.00
017.900000 0.00
018.000000 0.00
018.100000 0.00
018.200000 0.00
018.300000 0.00
018.400000 0.00
018.500000 0.00
018.600000 0.00
018.700000 0.00
018.800000 0.00
018.900000 0.00
019.000000 0.00
019.100000 0.00
019.200000 0.00
019.300000 0.00
019.400000 0.00
019.500000 0.00
019.600000 0.00
019.700000 0.00
019.800000 0.00
019.900000 0.00
020.000000 0.00
020.100000 0.00
020.200000 0.00
020.300000 0.00
020.400000 0.00
020.500000 0.00
020.600000 0.00
020.700000 0.00
020.800000 0.00
020.900000 0.00
021.000000 0.00
021.100000 0.00
021.200000 0.00
021.300000 0.00
021.400000 0.00
021.500000 0.00
021.600000 0.00
021.700000 0.00
021.800000 0.00
021.900000 0.00
022.000000 0.00
022.100000 0.00
022.200000 0.00
022.300000 0.00
022.400000 0.00
022.500000 0.00
022.600000 0.00
022.700000 0.00
022.800000 0.00
022.900000 0.00
023.000000 0.00
023.100000 0.00
023.200000 0.00
023.300000 0.00
023.400000 0.00
023.500000 0.00
023.600000 0.00
023.700000 0.00
023.800000 0.00
023.900000 0.00
024.000000 0.00
024.100000 0.00
024.200000 0.00
024.300000 0.00
024.400000 0.00
024.500000 0.00
024.600000 0.00
024.700000 0.00
024.800000 0.00
024.900000 0.00
025.000000 0.00
025.100000 0.00
025.200000 0.00
025.300000 0.00
025.400000 0.00
025.500000 0.00
025.600000 0.00
025.700000 0.00
025.800000 0.00
025.900000 0.00
026.000000 0.00
026.100000 0.00
026.200000 0.00
026.300000 0.00
026.400000 0.00
026.500000 0.00
026.600000 0.00
026.700000 0.00
026.800000 0.00
026.900000 0.00
027.000000 0.00
027.100000 0.00
027.200000 0.00
027.300000 0.00
027.400000 0.00
027.500000 0.00
027.600000 0.00
027.700000 0.00
027.800000 0.00
027.900000 0.00
028.000000 0.00
028.100000 0.00
028.200000 0.00
028.300000 0.00
028.400000 0.00
028.500000 0.00
028.600000 0.00
028.700000 0.00
028.800000 0.00
028.900000 0.00
029.000000 0.00
029.100000 0.00
029.200000 0.00
029.300000 0.00
029.400000 0.00
029.500000 0.00
029.600000 0.00
029.700000 0.00
029.800000 0.00
029.900000 0.00
030.000000 0.00
