000.010000 0.00
000.020000 0.00
000.030000 0.00
000.040000 5.19
000.050000 24.20
000.060000 24.58
000.070000 24.47
000.080000 24.55
000.090000 24.22
000.100000 23.96
000.110000 24.33
000.120000 24.43
000.130000 24.30
000.140000 24.59
000.150000 24.24
000.160000 24.59
000.170000 24.26
000.180000 24.34
000.190000 24.23
000.200000 24.45
000.210000 24.38
000.220000 24.50
000.230000 24.25
000.240000 24.28
000.250000 24.52
000.260000 24.03
000.270000 24.02
000.280000 24.32
000.290000 24.64
000.300000 24.04
000.310000 24.63
000.320000 23.92
000.330000 23.91
000.340000 24.41
000.350000 24.20
000.360000 24.63
000.370000 24.09
000.380000 24.27
000.390000 24.25
000.400000 24.06
000.410000 24.16
000.420000 24.20
000.430000 24.27
000.440000 24.24
000.450000 24.42
000.460000 24.28
000.470000 24.34
000.480000 24.21
000.490000 24.45
000.500000 23.95
000.510000 24.19
000.520000 24.61
000.530000 24.13
000.540000 24.31
000.550000 24.19
000.560000 24.42
000.570000 24.61
000.580000 24.21
000.590000 24.49
000.600000 24.00
000.610000 24.60
000.620000 24.37
000.630000 24.01
000.640000 24.39
000.650000 24.33
000.660000 24.34
000.670000 24.23
000.680000 24.21
000.690000 24.58
000.700000 24.48
000.710000 24.38
000.720000 24.27
000.730000 24.34
000.740000 24.48
000.750000 24.55
000.760000 24.34
000.770000 24.27
000.780000 24.14
000.790000 24.35
000.800000 24.60
000.810000 24.21
000.820000 24.26
000.830000 24.40
000.840000 24.37
000.850000 24.31
000.860000 24.23
000.870000 24.63
000.880000 24.46
000.890000 24.64
000.900000 23.97
000.910000 24.35
000.920000 24.20
000.930000 24.25
000.940000 24.42
000.950000 24.06
000.960000 24.17
000.970000 24.71
000.980000 24.62
000.990000 24.47
001.000000 23.96
001.010000 24.54
001.020000 24.60
001.030000 24.36
001.040000 24.02
001.050000 24.42
001.060000 24.46
001.070000 24.17
001.080000 24.73
001.090000 24.03
001.100000 24.50
001.110000 24.27
001.120000 24.51
001.130000 24.09
001.140000 24.20
001.150000 24.15
001.160000 24.30
001.170000 24.47
001.180000 24.36
001.190000 24.22
001.200000 23.95
001.210000 24.21
001.220000 24.58
001.230000 24.24
001.240000 24.11
001.250000 24.31
001.260000 24.16
001.270000 24.12
001.280000 24.36
001.290000 24.22
001.300000 24.23
001.310000 24.37
001.320000 24.21
001.330000 24.39
001.340000 24.41
001.350000 24.05
001.360000 24.26
001.370000 24.29
001.380000 24.24
001.390000 24.33
001.400000 24.35
001.410000 24.51
001.420000 24.23
001.430000 23.94
001.440000 24.11
001.450000 24.14
001.460000 24.24
001.470000 24.14
001.480000 24.40
001.490000 24.43
001.500000 24.08
001.510000 24.43
001.520000 24.02
001.530000 24.58
001.540000 24.37
001.550000 24.24
001.560000 23.97
001.570000 24.44
001.580000 24.17
001.590000 23.95
001.600000 24.61
001.610000 23.97
001.620000 24.14
001.630000 24.22
001.640000 24.08
001.650000 24.29
001.660000 24.33
001.670000 24.35
001.680000 24.20
001.690000 24.36
001.700000 24.69
001.710000 24.86
001.720000 24.06
001.730000 24.60
001.740000 24.12
001.750000 24.13
001.760000 24.40
001.770000 24.41
001.780000 24.47
001.790000 24.33
001.800000 24.48
001.810000 24.54
001.820000 24.44
001.830000 24.25
001.840000 24.21
001.850000 24.60
001.860000 24.05
001.870000 24.03
001.880000 24.16
001.890000 24.28
001.900000 24.05
001.910000 24.23
001.920000 24.15
001.930000 24.51
001.940000 24.16
001.950000 24.31
001.960000 24.65
001.970000 24.47
001.980000 24.02
001.990000 24.05
002.000000 24.08
002.010000 24.56
002.020000 24.19
002.030000 24.30
002.040000 24.49
002.050000 24.42
002.060000 24.07
002.070000 24.39
002.080000 24.51
002.090000 24.15
002.100000 24.24
002.110000 24.37
002.120000 24.28
002.130000 24.10
002.140000 24.35
002.150000 24.29
002.160000 24.48
002.170000 24.63
002.180000 24.17
002.190000 24.08
002.200000 24.35
002.210000 24.23
002.220000 24.12
002.230000 24.22
002.240000 24.41
002.250000 24.23
002.260000 24.19
002.270000 24.59
002.280000 24.21
002.290000 24.33
002.300000 24.79
002.310000 24.24
002.320000 24.34
002.330000 24.08
002.340000 24.55
002.350000 24.64
002.360000 24.22
002.370000 24.21
002.380000 24.19
002.390000 24.56
002.400000 24.32
002.410000 24.50
002.420000 24.21
002.430000 24.73
002.440000 24.52
002.450000 24.80
002.460000 24.73
002.470000 24.06
002.480000 24.67
002.490000 24.36
002.500000 24.38
002.510000 24.20
002.520000 24.52
002.530000 24.38
002.540000 24.29
002.550000 23.88
002.560000 24.52
002.570000 24.58
002.580000 24.25
002.590000 24.17
002.600000 24.04
002.610000 24.34
002.620000 24.34
002.630000 24.60
002.640000 20.01
002.650000 0.00
002.660000 0.00
002.670000 0.00
002.680000 0.00
002.690000 0.00
002.700000 0.00
002.710000 0.00
002.720000 0.00
002.730000 0.00
002.740000 0.00
002.750000 0.00
002.760000 0.00
002.770000 0.00
002.780000 0.00
002.790000 0.00
002.800000 0.00
002.810000 0.00
002.820000 0.00
002.830000 0.00
002.840000 0.00
002.850000 0.00
002.860000 0.00
002.870000 0.00
002.880000 0.00
002.890000 0.00
002.900000 0.00
002.910000 0.00
002.920000 0.00
002.930000 0.00
002.940000 0.00
002.950000 0.00
002.960000 0.00
002.970000 0.00
002.980000 0.00
002.990000 0.00
003.000000 0.00
