000.010000 0.00
000.020000 0.00
000.030000 0.00
000.040000 0.00
000.050000 0.00
000.060000 0.00
000.070000 0.00
000.080000 0.00
000.090000 0.00
000.100000 0.00
000.110000 0.00
000.120000 0.00
000.130000 0.00
000.140000 0.00
000.150000 0.00
000.160000 0.00
000.170000 0.00
000.180000 0.00
000.190000 0.00
000.200000 0.00
000.210000 0.00
000.220000 0.00
000.230000 0.00
000.240000 0.00
000.250000 0.00
000.260000 0.00
000.270000 0.00
000.280000 0.00
000.290000 0.00
000.300000 0.00
000.310000 0.00
000.320000 65.95
000.330000 105.90
000.340000 104.14
000.350000 100.56
000.360000 102.69
000.370000 105.07
000.380000 104.94
000.390000 97.03
000.400000 104.87
000.410000 105.35
000.420000 99.36
000.430000 101.83
000.440000 102.69
000.450000 101.82
000.460000 107.07
000.470000 102.96
000.480000 99.43
000.490000 109.47
000.500000 98.14
000.510000 100.54
000.520000 104.06
000.530000 104.88
000.540000 100.86
000.550000 103.34
000.560000 100.30
000.570000 97.30
000.580000 99.42
000.590000 97.90
000.600000 96.96
000.610000 98.23
000.620000 99.28
000.630000 96.92
000.640000 98.42
000.650000 96.92
000.660000 100.59
000.670000 96.96
000.680000 96.93
000.690000 98.17
000.700000 100.06
000.710000 97.21
000.720000 97.00
000.730000 99.17
000.740000 97.55
000.750000 103.13
000.760000 93.17
000.770000 98.20
000.780000 96.95
000.790000 98.68
000.800000 99.28
000.810000 98.12
000.820000 96.85
000.830000 99.23
000.840000 98.12
000.850000 96.89
000.860000 99.20
000.870000 97.41
000.880000 98.13
000.890000 98.13
000.900000 95.70
000.910000 98.78
000.920000 98.15
000.930000 99.42
000.940000 97.04
000.950000 99.45
000.960000 97.24
000.970000 99.34
000.980000 95.70
000.990000 99.22
001.000000 98.15
001.010000 97.32
001.020000 100.43
001.030000 97.74
001.040000 94.04
001.050000 101.43
001.060000 95.88
001.070000 101.60
001.080000 96.95
001.090000 98.13
001.100000 98.16
001.110000 95.87
001.120000 100.24
001.130000 99.28
001.140000 94.39
001.150000 99.04
001.160000 96.89
001.170000 101.83
001.180000 97.05
001.190000 96.99
001.200000 97.20
001.210000 97.89
001.220000 100.60
001.230000 95.68
001.240000 100.53
001.250000 95.89
001.260000 99.39
001.270000 99.44
001.280000 96.44
001.290000 96.66
001.300000 99.63
001.310000 98.23
001.320000 100.39
001.330000 95.70
001.340000 97.65
001.350000 97.04
001.360000 100.18
001.370000 96.91
001.380000 96.99
001.390000 96.17
001.400000 101.84
001.410000 97.04
001.420000 98.19
001.430000 96.98
001.440000 98.56
001.450000 100.27
001.460000 98.08
001.470000 96.89
001.480000 96.49
001.490000 97.32
001.500000 100.61
001.510000 96.29
001.520000 99.35
001.530000 96.07
001.540000 100.63
001.550000 99.43
001.560000 94.60
001.570000 99.38
001.580000 95.97
001.590000 101.81
001.600000 97.05
001.610000 96.97
001.620000 96.93
001.630000 98.17
001.640000 98.23
001.650000 98.22
001.660000 96.91
001.670000 99.56
001.680000 101.67
001.690000 97.00
001.700000 96.79
001.710000 96.65
001.720000 98.44
001.730000 99.43
001.740000 97.06
001.750000 97.01
001.760000 96.99
001.770000 99.62
001.780000 98.08
001.790000 98.06
001.800000 96.89
001.810000 98.32
001.820000 101.65
001.830000 96.91
001.840000 96.94
001.850000 96.96
001.860000 95.98
001.870000 102.51
001.880000 95.77
001.890000 100.53
001.900000 94.82
001.910000 99.43
001.920000 100.64
001.930000 94.46
001.940000 99.39
001.950000 97.14
001.960000 100.64
001.970000 98.26
001.980000 95.79
001.990000 96.95
002.000000 99.66
002.010000 98.07
002.020000 97.95
002.030000 96.08
002.040000 98.63
002.050000 101.82
002.060000 97.05
002.070000 96.69
002.080000 97.97
002.090000 96.04
002.100000 101.81
002.110000 97.04
002.120000 99.33
002.130000 95.54
002.140000 97.14
002.150000 101.84
002.160000 96.51
002.170000 96.96
002.180000 99.80
002.190000 98.23
002.200000 97.03
002.210000 96.45
002.220000 100.39
002.230000 95.99
002.240000 98.23
002.250000 100.55
002.260000 98.27
002.270000 95.41
002.280000 97.96
002.290000 100.34
002.300000 100.56
002.310000 96.77
002.320000 95.85
002.330000 98.14
002.340000 100.52
002.350000 96.94
002.360000 96.98
002.370000 96.00
002.380000 101.81
002.390000 97.01
002.400000 96.84
002.410000 98.12
002.420000 95.94
002.430000 100.43
002.440000 98.21
002.450000 95.31
002.460000 99.49
002.470000 101.84
002.480000 97.05
002.490000 96.89
002.500000 96.95
002.510000 98.53
002.520000 99.25
002.530000 96.97
002.540000 100.51
002.550000 95.74
002.560000 102.14
002.570000 93.39
002.580000 100.53
002.590000 96.93
002.600000 97.19
002.610000 97.95
002.620000 99.40
002.630000 97.00
002.640000 97.00
002.650000 99.65
002.660000 98.22
002.670000 100.63
002.680000 94.42
002.690000 99.34
002.700000 95.99
002.710000 101.65
002.720000 97.00
002.730000 99.33
002.740000 96.18
002.750000 99.35
002.760000 96.97
002.770000 100.53
002.780000 96.75
002.790000 95.87
002.800000 101.61
002.810000 96.89
002.820000 96.95
002.830000 96.99
002.840000 96.07
002.850000 101.81
002.860000 97.07
002.870000 96.98
002.880000 98.16
002.890000 98.46
002.900000 101.66
002.910000 95.65
002.920000 98.09
002.930000 95.45
002.940000 99.32
002.950000 99.27
002.960000 96.58
002.970000 99.31
002.980000 96.00
002.990000 99.45
003.000000 100.61
003.010000 94.61
003.020000 99.35
003.030000 96.14
003.040000 101.81
003.050000 95.77
003.060000 97.72
003.070000 98.54
003.080000 99.42
003.090000 97.04
003.100000 97.00
003.110000 96.95
003.120000 99.58
003.130000 98.24
003.140000 100.63
003.150000 94.60
003.160000 99.37
003.170000 96.10
003.180000 100.35
003.190000 98.10
003.200000 96.58
003.210000 96.08
003.220000 101.71
003.230000 96.88
003.240000 98.04
003.250000 98.17
003.260000 96.93
003.270000 101.82
003.280000 96.92
003.290000 96.93
003.300000 97.00
003.310000 96.07
003.320000 101.84
003.330000 96.87
003.340000 98.00
003.350000 96.98
003.360000 98.20
003.370000 101.83
003.380000 94.19
003.390000 99.05
003.400000 97.09
003.410000 100.50
003.420000 100.51
003.430000 93.15
003.440000 100.47
003.450000 95.68
003.460000 100.48
003.470000 98.16
003.480000 96.59
003.490000 96.99
003.500000 99.57
003.510000 98.06
003.520000 100.51
003.530000 94.56
003.540000 98.40
003.550000 101.69
003.560000 96.91
003.570000 96.95
003.580000 96.85
003.590000 96.16
003.600000 101.81
003.610000 97.06
003.620000 96.47
003.630000 98.16
003.640000 98.17
003.650000 101.65
003.660000 96.94
003.670000 96.95
003.680000 96.14
003.690000 98.05
003.700000 100.61
003.710000 96.80
003.720000 98.05
003.730000 96.04
003.740000 100.45
003.750000 100.63
003.760000 96.83
003.770000 96.18
003.780000 96.09
003.790000 101.82
003.800000 99.03
003.810000 94.49
003.820000 99.20
003.830000 97.77
003.840000 100.63
003.850000 95.76
003.860000 98.10
003.870000 95.99
003.880000 101.66
003.890000 96.96
003.900000 99.25
003.910000 96.94
003.920000 97.15
003.930000 98.22
003.940000 100.63
003.950000 94.59
003.960000 99.34
003.970000 95.84
003.980000 101.64
003.990000 96.99
004.000000 99.11
004.010000 96.88
004.020000 99.38
004.030000 98.11
004.040000 98.19
004.050000 96.69
004.060000 95.82
004.070000 99.13
004.080000 100.64
004.090000 98.02
004.100000 96.75
004.110000 98.84
004.120000 96.97
004.130000 99.37
004.140000 98.27
004.150000 98.20
004.160000 96.75
004.170000 97.10
004.180000 100.49
004.190000 99.28
004.200000 96.79
004.210000 98.10
004.220000 97.99
004.230000 98.17
004.240000 96.98
004.250000 98.11
004.260000 98.18
004.270000 96.82
004.280000 101.70
004.290000 96.93
004.300000 96.66
004.310000 95.76
004.320000 98.19
004.330000 101.55
004.340000 97.06
004.350000 96.95
004.360000 98.13
004.370000 99.22
004.380000 97.98
004.390000 96.91
004.400000 99.44
004.410000 99.34
004.420000 98.34
004.430000 95.25
004.440000 100.45
004.450000 96.42
004.460000 97.68
004.470000 100.45
004.480000 96.87
004.490000 96.93
004.500000 97.27
004.510000 99.18
004.520000 98.18
004.530000 98.94
004.540000 96.91
004.550000 103.90
004.560000 94.61
004.570000 98.68
004.580000 100.56
004.590000 93.41
004.600000 98.01
004.610000 99.57
004.620000 97.34
004.630000 101.09
004.640000 94.51
004.650000 97.00
004.660000 98.05
004.670000 98.20
004.680000 100.43
004.690000 95.63
004.700000 99.27
004.710000 96.74
004.720000 96.80
004.730000 100.38
004.740000 97.01
004.750000 99.35
004.760000 97.43
004.770000 95.88
004.780000 100.47
004.790000 97.99
004.800000 102.95
004.810000 94.40
004.820000 97.39
004.830000 97.93
004.840000 98.08
004.850000 99.36
004.860000 94.46
004.870000 98.90
004.880000 99.03
004.890000 98.25
004.900000 98.47
004.910000 97.41
004.920000 95.65
004.930000 100.08
004.940000 100.47
004.950000 95.75
004.960000 97.84
004.970000 98.02
004.980000 96.97
004.990000 99.15
005.000000 96.72
005.010000 100.30
005.020000 97.80
005.030000 98.66
005.040000 97.02
005.050000 97.98
005.060000 99.28
005.070000 96.89
005.080000 96.78
005.090000 99.45
005.100000 97.95
005.110000 96.87
005.120000 98.94
005.130000 97.98
005.140000 100.44
005.150000 96.90
005.160000 96.78
005.170000 98.22
005.180000 96.83
005.190000 101.64
005.200000 98.21
005.210000 96.89
005.220000 96.67
005.230000 97.98
005.240000 98.25
005.250000 99.26
005.260000 96.97
005.270000 97.02
005.280000 100.55
005.290000 96.92
005.300000 96.79
005.310000 99.29
005.320000 95.74
005.330000 100.37
005.340000 98.01
005.350000 97.68
005.360000 98.06
005.370000 97.99
005.380000 99.42
005.390000 99.27
005.400000 95.69
005.410000 97.94
005.420000 97.15
005.430000 100.62
005.440000 96.89
005.450000 97.85
005.460000 99.26
005.470000 93.57
005.480000 101.70
005.490000 98.20
005.500000 98.17
005.510000 96.05
005.520000 99.40
005.530000 99.41
005.540000 95.70
005.550000 99.34
005.560000 96.89
005.570000 96.81
005.580000 100.63
005.590000 96.81
005.600000 96.79
005.610000 99.48
005.620000 98.20
005.630000 99.44
005.640000 98.16
005.650000 98.84
005.660000 95.94
005.670000 98.24
005.680000 99.45
005.690000 97.71
005.700000 98.17
005.710000 98.58
005.720000 98.23
005.730000 99.15
005.740000 96.87
005.750000 98.15
005.760000 98.26
005.770000 96.97
005.780000 99.36
005.790000 98.16
005.800000 96.95
005.810000 97.65
005.820000 97.95
005.830000 100.63
005.840000 95.79
005.850000 98.19
005.860000 98.06
005.870000 99.32
005.880000 98.14
005.890000 95.71
005.900000 98.84
005.910000 96.93
005.920000 100.48
005.930000 98.15
005.940000 95.63
005.950000 98.10
005.960000 98.12
005.970000 99.26
005.980000 99.44
005.990000 95.79
006.000000 99.38
006.010000 96.62
006.020000 100.34
006.030000 99.13
006.040000 94.47
006.050000 99.04
006.060000 96.41
006.070000 100.45
006.080000 98.20
006.090000 99.34
006.100000 96.89
006.110000 97.89
006.120000 97.00
006.130000 99.40
006.140000 98.15
006.150000 99.34
006.160000 94.53
006.170000 99.36
006.180000 100.50
006.190000 95.69
006.200000 97.86
006.210000 96.92
006.220000 100.62
006.230000 97.02
006.240000 98.09
006.250000 97.95
006.260000 96.80
006.270000 99.16
006.280000 99.29
006.290000 98.09
006.300000 98.31
006.310000 95.56
006.320000 100.29
006.330000 98.05
006.340000 95.57
006.350000 99.17
006.360000 97.98
006.370000 99.44
006.380000 96.95
006.390000 97.99
006.400000 97.17
006.410000 98.16
006.420000 99.43
006.430000 98.23
006.440000 98.16
006.450000 95.74
006.460000 99.29
006.470000 99.27
006.480000 98.09
006.490000 99.23
006.500000 94.58
006.510000 100.39
006.520000 99.31
006.530000 97.01
006.540000 98.17
006.550000 96.60
006.560000 99.30
006.570000 98.05
006.580000 95.51
006.590000 98.18
006.600000 97.95
006.610000 99.39
006.620000 99.42
006.630000 95.58
006.640000 99.27
006.650000 99.35
006.660000 95.58
006.670000 100.44
006.680000 95.69
006.690000 99.04
006.700000 97.08
006.710000 98.12
006.720000 100.36
006.730000 96.93
006.740000 96.69
006.750000 99.09
006.760000 98.15
006.770000 99.45
006.780000 95.56
006.790000 99.39
006.800000 98.29
006.810000 97.66
006.820000 100.44
006.830000 96.86
006.840000 98.10
006.850000 96.95
006.860000 100.60
006.870000 97.06
006.880000 96.96
006.890000 99.22
006.900000 94.77
006.910000 100.52
006.920000 98.22
006.930000 97.60
006.940000 98.06
006.950000 96.76
006.960000 99.40
006.970000 98.23
006.980000 96.97
006.990000 96.69
007.000000 99.43
007.010000 99.44
007.020000 99.45
007.030000 95.68
007.040000 98.17
007.050000 98.26
007.060000 98.22
007.070000 98.24
007.080000 98.19
007.090000 95.55
007.100000 100.83
007.110000 97.04
007.120000 99.34
007.130000 96.89
007.140000 98.26
007.150000 99.36
007.160000 97.04
007.170000 99.75
007.180000 96.94
007.190000 98.31
007.200000 98.73
007.210000 96.95
007.220000 98.37
007.230000 98.15
007.240000 97.90
007.250000 98.26
007.260000 97.99
007.270000 96.78
007.280000 101.74
007.290000 96.86
007.300000 96.18
007.310000 97.99
007.320000 96.96
007.330000 98.83
007.340000 96.90
007.350000 100.44
007.360000 99.35
007.370000 94.38
007.380000 100.38
007.390000 95.96
007.400000 101.73
007.410000 96.89
007.420000 96.93
007.430000 98.00
007.440000 95.78
007.450000 101.80
007.460000 96.96
007.470000 96.91
007.480000 96.74
007.490000 98.27
007.500000 101.67
007.510000 98.18
007.520000 99.30
007.530000 95.68
007.540000 97.95
007.550000 97.89
007.560000 100.63
007.570000 94.60
007.580000 99.34
007.590000 95.58
007.600000 101.81
007.610000 99.28
007.620000 95.77
007.630000 97.79
007.640000 95.75
007.650000 100.33
007.660000 99.25
007.670000 98.17
007.680000 95.79
007.690000 100.55
007.700000 96.98
007.710000 99.39
007.720000 96.88
007.730000 98.10
007.740000 96.79
007.750000 99.44
007.760000 99.43
007.770000 95.56
007.780000 97.12
007.790000 100.49
007.800000 98.09
007.810000 99.35
007.820000 96.97
007.830000 95.48
007.840000 98.17
007.850000 100.45
007.860000 96.84
007.870000 96.70
007.880000 97.08
007.890000 100.49
007.900000 98.22
007.910000 96.96
007.920000 98.85
007.930000 95.75
007.940000 99.39
007.950000 99.44
007.960000 98.11
007.970000 98.05
007.980000 95.93
007.990000 100.61
008.000000 99.27
008.010000 95.70
008.020000 97.75
008.030000 93.31
008.040000 105.39
008.050000 97.05
008.060000 96.71
008.070000 99.34
008.080000 95.56
008.090000 101.70
008.100000 96.92
008.110000 98.16
008.120000 99.25
008.130000 94.66
008.140000 100.47
008.150000 96.94
008.160000 96.66
008.170000 99.32
008.180000 96.87
008.190000 100.63
008.200000 97.02
008.210000 98.16
008.220000 98.02
008.230000 95.90
008.240000 100.63
008.250000 97.03
008.260000 95.82
008.270000 99.23
008.280000 99.08
008.290000 99.20
008.300000 98.20
008.310000 99.35
008.320000 95.76
008.330000 98.26
008.340000 98.15
008.350000 99.42
008.360000 97.89
008.370000 96.73
008.380000 98.09
008.390000 99.31
008.400000 96.96
008.410000 96.66
008.420000 98.97
008.430000 98.29
008.440000 99.42
008.450000 96.89
008.460000 97.92
008.470000 95.06
008.480000 101.51
008.490000 99.41
008.500000 96.97
008.510000 96.96
008.520000 97.02
008.530000 98.15
008.540000 99.41
008.550000 97.98
008.560000 99.31
008.570000 94.44
008.580000 100.52
008.590000 98.08
008.600000 97.83
008.610000 98.08
008.620000 95.95
008.630000 101.70
008.640000 97.97
008.650000 95.41
008.660000 99.13
008.670000 97.12
008.680000 100.58
008.690000 96.93
008.700000 97.96
008.710000 98.06
008.720000 96.94
008.730000 99.31
008.740000 99.45
008.750000 97.79
008.760000 95.79
008.770000 99.32
008.780000 98.23
008.790000 98.15
008.800000 97.50
008.810000 95.68
008.820000 100.43
008.830000 98.06
008.840000 96.67
008.850000 99.24
008.860000 97.14
008.870000 100.52
008.880000 96.99
008.890000 99.26
008.900000 98.86
008.910000 96.01
008.920000 99.16
008.930000 98.09
008.940000 98.13
008.950000 99.31
008.960000 94.59
008.970000 100.56
008.980000 98.15
008.990000 97.70
009.000000 96.81
009.010000 97.10
009.020000 100.58
009.030000 96.97
009.040000 98.00
009.050000 96.44
009.060000 100.43
009.070000 99.27
009.080000 96.96
009.090000 96.56
009.100000 97.76
009.110000 98.40
009.120000 98.24
009.130000 100.63
009.140000 94.58
009.150000 100.57
009.160000 97.86
009.170000 98.21
009.180000 98.26
009.190000 97.02
009.200000 96.68
009.210000 99.15
009.220000 98.23
009.230000 100.64
009.240000 95.57
009.250000 96.89
009.260000 100.55
009.270000 98.22
009.280000 96.99
009.290000 99.31
009.300000 97.02
009.310000 98.19
009.320000 96.93
009.330000 99.37
009.340000 96.98
009.350000 98.15
009.360000 98.88
009.370000 96.53
009.380000 97.87
009.390000 100.25
009.400000 98.19
009.410000 96.80
009.420000 99.35
009.430000 96.24
009.440000 100.04
009.450000 97.03
009.460000 98.17
009.470000 98.72
009.480000 96.83
009.490000 100.48
009.500000 96.92
009.510000 98.13
009.520000 99.29
009.530000 94.60
009.540000 100.40
009.550000 96.92
009.560000 99.26
009.570000 96.80
009.580000 97.68
009.590000 99.33
009.600000 98.24
009.610000 94.61
009.620000 99.41
009.630000 99.03
009.640000 100.49
009.650000 96.98
009.660000 96.58
009.670000 98.20
009.680000 96.06
009.690000 101.53
009.700000 97.94
009.710000 95.68
009.720000 99.06
009.730000 95.63
009.740000 101.81
009.750000 96.95
009.760000 97.99
009.770000 99.25
009.780000 94.50
009.790000 102.80
009.800000 96.94
009.810000 96.69
009.820000 98.14
009.830000 96.64
009.840000 99.44
009.850000 98.14
009.860000 99.37
009.870000 95.39
009.880000 99.39
009.890000 98.09
009.900000 99.28
009.910000 96.55
009.920000 96.98
009.930000 99.43
009.940000 97.90
009.950000 96.68
009.960000 99.09
009.970000 97.19
009.980000 100.48
009.990000 97.03
010.000000 97.99
010.010000 99.27
010.020000 94.45
010.030000 100.46
010.040000 99.43
010.050000 96.56
010.060000 98.11
010.070000 97.69
010.080000 98.18
010.090000 99.26
010.100000 98.10
010.110000 99.33
010.120000 94.61
010.130000 100.48
010.140000 99.32
010.150000 94.53
010.160000 99.06
010.170000 94.65
010.180000 100.49
010.190000 100.45
010.200000 98.99
010.210000 96.93
010.220000 96.94
010.230000 97.98
010.240000 99.42
010.250000 95.71
010.260000 99.28
010.270000 99.22
010.280000 95.52
010.290000 101.65
010.300000 96.78
010.310000 96.46
010.320000 98.03
010.330000 100.61
010.340000 97.66
010.350000 95.58
010.360000 98.66
010.370000 98.36
010.380000 99.45
010.390000 98.04
010.400000 99.31
010.410000 95.69
010.420000 99.70
010.430000 99.32
010.440000 96.98
010.450000 98.10
010.460000 95.87
010.470000 100.29
010.480000 98.11
010.490000 96.93
010.500000 99.26
010.510000 95.88
010.520000 98.18
010.530000 98.22
010.540000 97.98
010.550000 95.65
010.560000 99.45
010.570000 98.15
010.580000 99.32
010.590000 96.58
010.600000 99.35
010.610000 97.08
010.620000 100.45
010.630000 97.06
010.640000 98.14
010.650000 96.97
010.660000 97.04
010.670000 100.62
010.680000 97.05
010.690000 98.20
010.700000 98.10
010.710000 97.01
010.720000 99.30
010.730000 99.45
010.740000 96.96
010.750000 97.17
010.760000 99.38
010.770000 98.22
010.780000 96.96
010.790000 96.96
010.800000 97.26
010.810000 100.48
010.820000 98.19
010.830000 99.31
010.840000 94.47
010.850000 99.59
010.860000 100.44
010.870000 96.98
010.880000 98.13
010.890000 96.41
010.900000 98.31
010.910000 99.42
010.920000 98.24
010.930000 98.16
010.940000 96.81
010.950000 98.21
010.960000 100.64
010.970000 95.78
010.980000 98.16
010.990000 97.14
011.000000 97.93
011.010000 100.27
011.020000 95.53
011.030000 98.96
011.040000 95.97
011.050000 101.71
011.060000 98.16
011.070000 95.44
011.080000 98.18
011.090000 98.37
011.100000 99.42
011.110000 99.43
011.120000 94.58
011.130000 100.54
011.140000 96.07
011.150000 98.23
011.160000 100.26
011.170000 95.33
011.180000 96.94
011.190000 100.59
011.200000 98.12
011.210000 99.39
011.220000 95.71
011.230000 98.27
011.240000 99.36
011.250000 98.21
011.260000 96.98
011.270000 96.85
011.280000 96.85
011.290000 101.82
011.300000 97.05
011.310000 99.36
011.320000 94.18
011.330000 99.62
011.340000 100.61
011.350000 97.04
011.360000 98.20
011.370000 98.18
011.380000 94.73
011.390000 100.62
011.400000 98.19
011.410000 98.67
011.420000 97.46
011.430000 97.12
011.440000 100.31
011.450000 95.34
011.460000 100.14
011.470000 96.11
011.480000 101.82
011.490000 97.04
011.500000 95.76
011.510000 100.22
011.520000 96.03
011.530000 100.61
011.540000 97.05
011.550000 98.01
011.560000 98.70
011.570000 98.79
011.580000 98.06
011.590000 96.91
011.600000 96.85
011.610000 97.83
011.620000 99.51
011.630000 98.05
011.640000 99.28
011.650000 95.61
011.660000 98.02
011.670000 100.56
011.680000 96.95
011.690000 98.05
011.700000 97.00
011.710000 98.24
011.720000 96.95
011.730000 99.35
011.740000 99.24
011.750000 96.86
011.760000 97.10
011.770000 99.40
011.780000 98.24
011.790000 95.76
011.800000 99.39
011.810000 98.26
011.820000 98.13
011.830000 98.16
011.840000 97.97
011.850000 96.76
011.860000 98.11
011.870000 99.42
011.880000 99.43
011.890000 96.45
011.900000 96.60
011.910000 99.51
011.920000 100.14
011.930000 95.79
011.940000 98.04
011.950000 96.01
011.960000 99.30
011.970000 99.32
011.980000 96.98
011.990000 99.26
012.000000 97.20
012.010000 99.45
012.020000 99.27
012.030000 95.75
012.040000 99.27
012.050000 98.25
012.060000 98.19
012.070000 96.95
012.080000 97.94
012.090000 99.16
012.100000 93.37
012.110000 101.82
012.120000 99.46
012.130000 94.52
012.140000 99.75
012.150000 97.83
012.160000 99.30
012.170000 99.25
012.180000 95.75
012.190000 98.38
012.200000 98.11
012.210000 98.22
012.220000 96.93
012.230000 99.11
012.240000 97.05
012.250000 99.42
012.260000 99.44
012.270000 95.77
012.280000 98.15
012.290000 98.37
012.300000 99.25
012.310000 96.99
012.320000 99.22
012.330000 94.52
012.340000 98.37
012.350000 101.71
012.360000 96.95
012.370000 95.77
012.380000 22.39
012.390000 0.00
012.400000 0.00
012.410000 0.00
012.420000 0.00
012.430000 0.00
012.440000 0.00
012.450000 0.00
012.460000 0.00
012.470000 0.00
012.480000 0.00
012.490000 0.00
012.500000 0.00
012.510000 0.00
012.520000 0.00
012.530000 0.00
012.540000 0.00
012.550000 0.00
012.560000 0.00
012.570000 0.00
012.580000 0.00
012.590000 0.00
012.600000 0.00
012.610000 0.00
012.620000 0.00
012.630000 0.00
012.640000 0.00
012.650000 0.00
012.660000 0.00
012.670000 0.00
012.680000 0.00
012.690000 0.00
012.700000 0.00
012.710000 0.00
012.720000 0.00
012.730000 0.00
012.740000 0.00
012.750000 0.00
012.760000 0.00
012.770000 0.00
012.780000 0.00
012.790000 0.00
012.800000 0.00
012.810000 0.00
012.820000 0.00
012.830000 0.00
012.840000 0.00
012.850000 0.00
012.860000 0.00
012.870000 0.00
012.880000 0.00
012.890000 0.00
012.900000 0.00
012.910000 0.00
012.920000 0.00
012.930000 0.00
012.940000 0.00
012.950000 0.00
012.960000 0.00
012.970000 0.00
012.980000 0.00
012.990000 0.00
013.000000 0.00
013.010000 0.00
013.020000 0.00
013.030000 0.00
013.040000 0.00
013.050000 0.00
013.060000 0.00
013.070000 0.00
013.080000 0.00
013.090000 0.00
013.100000 0.00
013.110000 0.00
013.120000 0.00
013.130000 0.00
013.140000 0.00
013.150000 0.00
013.160000 0.00
013.170000 0.00
013.180000 0.00
013.190000 0.00
013.200000 0.00
013.210000 0.00
013.220000 0.00
013.230000 0.00
013.240000 0.00
013.250000 0.00
013.260000 0.00
013.270000 0.00
013.280000 0.00
013.290000 0.00
013.300000 0.00
013.310000 0.00
013.320000 0.00
013.330000 0.00
013.340000 0.00
013.350000 0.00
013.360000 0.00
013.370000 0.00
013.380000 0.00
013.390000 0.00
013.400000 0.00
013.410000 0.00
013.420000 0.00
013.430000 0.00
013.440000 0.00
013.450000 0.00
013.460000 0.00
013.470000 0.00
013.480000 0.00
013.490000 0.00
013.500000 0.00
013.510000 0.00
013.520000 0.00
013.530000 0.00
013.540000 0.00
013.550000 0.00
013.560000 0.00
013.570000 0.00
013.580000 0.00
013.590000 0.00
013.600000 0.00
013.610000 0.00
013.620000 0.00
013.630000 0.00
013.640000 0.00
013.650000 0.00
013.660000 0.00
013.670000 0.00
013.680000 0.00
013.690000 0.00
013.700000 0.00
013.710000 0.00
013.720000 0.00
013.730000 0.00
013.740000 0.00
013.750000 0.00
013.760000 0.00
013.770000 0.00
013.780000 0.00
013.790000 0.00
013.800000 0.00
013.810000 0.00
013.820000 0.00
013.830000 0.00
013.840000 0.00
013.850000 0.00
013.860000 0.00
013.870000 0.00
013.880000 0.00
013.890000 0.00
013.900000 0.00
013.910000 0.00
013.920000 0.00
013.930000 0.00
013.940000 0.00
013.950000 0.00
013.960000 0.00
013.970000 0.00
013.980000 0.00
013.990000 0.00
014.000000 0.00
014.010000 0.00
014.020000 0.00
014.030000 0.00
014.040000 0.00
014.050000 0.00
014.060000 0.00
014.070000 0.00
014.080000 0.00
014.090000 0.00
014.100000 0.00
014.110000 0.00
014.120000 0.00
014.130000 0.00
014.140000 0.00
014.150000 0.00
014.160000 0.00
014.170000 0.00
014.180000 0.00
014.190000 0.00
014.200000 0.00
014.210000 0.00
014.220000 0.00
014.230000 0.00
014.240000 0.00
014.250000 0.00
014.260000 0.00
014.270000 0.00
014.280000 0.00
014.290000 0.00
014.300000 0.00
014.310000 0.00
014.320000 0.00
014.330000 0.00
014.340000 0.00
014.350000 0.00
014.360000 0.00
014.370000 0.00
014.380000 0.00
014.390000 0.00
014.400000 0.00
014.410000 0.00
014.420000 0.00
014.430000 0.00
014.440000 0.00
014.450000 0.00
014.460000 0.00
014.470000 0.00
014.480000 0.00
014.490000 0.00
014.500000 0.00
014.510000 0.00
014.520000 0.00
014.530000 0.00
014.540000 0.00
014.550000 0.00
014.560000 0.00
014.570000 0.00
014.580000 0.00
014.590000 0.00
014.600000 0.00
014.610000 0.00
014.620000 0.00
014.630000 0.00
014.640000 0.00
014.650000 0.00
014.660000 0.00
014.670000 0.00
014.680000 0.00
014.690000 0.00
014.700000 0.00
014.710000 0.00
014.720000 0.00
014.730000 0.00
014.740000 0.00
014.750000 0.00
014.760000 0.00
014.770000 0.00
014.780000 0.00
014.790000 0.00
014.800000 0.00
014.810000 0.00
014.820000 0.00
014.830000 0.00
014.840000 0.00
014.850000 0.00
014.860000 0.00
014.870000 0.00
014.880000 0.00
014.890000 0.00
014.900000 0.00
014.910000 0.00
014.920000 0.00
014.930000 0.00
014.940000 0.00
014.950000 0.00
014.960000 0.00
014.970000 0.00
014.980000 0.00
014.990000 0.00
015.000000 0.00
015.010000 0.00
015.020000 0.00
015.030000 0.00
015.040000 0.00
015.050000 0.00
015.060000 0.00
015.070000 0.00
015.080000 0.00
015.090000 0.00
015.100000 0.00
015.110000 0.00
015.120000 0.00
015.130000 0.00
015.140000 0.00
015.150000 0.00
015.160000 0.00
015.170000 0.00
015.180000 0.00
015.190000 0.00
015.200000 0.00
015.210000 0.00
015.220000 0.00
015.230000 0.00
015.240000 0.00
015.250000 0.00
015.260000 0.00
015.270000 0.00
015.280000 0.00
015.290000 0.00
015.300000 0.00
015.310000 0.00
015.320000 0.00
015.330000 0.00
015.340000 0.00
015.350000 0.00
015.360000 0.00
015.370000 0.00
015.380000 0.00
015.390000 0.00
015.400000 0.00
015.410000 0.00
015.420000 0.00
015.430000 0.00
015.440000 0.00
015.450000 0.00
015.460000 0.00
015.470000 0.00
015.480000 0.00
015.490000 0.00
015.500000 0.00
015.510000 0.00
015.520000 0.00
015.530000 0.00
015.540000 0.00
015.550000 0.00
015.560000 0.00
015.570000 0.00
015.580000 0.00
015.590000 0.00
015.600000 0.00
015.610000 0.00
015.620000 0.00
015.630000 0.00
015.640000 0.00
015.650000 0.00
015.660000 0.00
015.670000 0.00
015.680000 0.00
015.690000 0.00
015.700000 0.00
015.710000 0.00
015.720000 0.00
015.730000 0.00
015.740000 0.00
015.750000 0.00
015.760000 0.00
015.770000 0.00
015.780000 0.00
015.790000 0.00
015.800000 0.00
015.810000 0.00
015.820000 0.00
015.830000 0.00
015.840000 0.00
015.850000 0.00
015.860000 0.00
015.870000 0.00
015.880000 0.00
015.890000 0.00
015.900000 0.00
015.910000 0.00
015.920000 0.00
015.930000 0.00
015.940000 0.00
015.950000 0.00
015.960000 0.00
015.970000 0.00
015.980000 0.00
015.990000 0.00
016.000000 0.00
016.010000 0.00
016.020000 0.00
016.030000 0.00
016.040000 0.00
016.050000 0.00
016.060000 0.00
016.070000 0.00
016.080000 0.00
016.090000 0.00
016.100000 0.00
016.110000 0.00
016.120000 0.00
016.130000 0.00
016.140000 0.00
016.150000 0.00
016.160000 0.00
016.170000 0.00
016.180000 0.00
016.190000 0.00
016.200000 0.00
016.210000 0.00
016.220000 0.00
016.230000 0.00
016.240000 0.00
016.250000 0.00
016.260000 0.00
016.270000 0.00
016.280000 0.00
016.290000 0.00
016.300000 0.00
016.310000 0.00
016.320000 0.00
016.330000 0.00
016.340000 0.00
016.350000 0.00
016.360000 0.00
016.370000 0.00
016.380000 0.00
016.390000 0.00
016.400000 0.00
016.410000 0.00
016.420000 0.00
016.430000 0.00
016.440000 0.00
016.450000 0.00
016.460000 0.00
016.470000 0.00
016.480000 0.00
016.490000 0.00
016.500000 0.00
016.510000 0.00
016.520000 0.00
016.530000 0.00
016.540000 0.00
016.550000 0.00
016.560000 0.00
016.570000 0.00
016.580000 0.00
016.590000 0.00
016.600000 0.00
016.610000 0.00
016.620000 0.00
016.630000 0.00
016.640000 0.00
016.650000 0.00
016.660000 0.00
016.670000 0.00
016.680000 0.00
016.690000 0.00
016.700000 0.00
016.710000 0.00
016.720000 0.00
016.730000 0.00
016.740000 0.00
016.750000 0.00
016.760000 0.00
016.770000 0.00
016.780000 0.00
016.790000 0.00
016.800000 0.00
016.810000 0.00
016.820000 0.00
016.830000 0.00
016.840000 0.00
016.850000 0.00
016.860000 0.00
016.870000 0.00
016.880000 0.00
016.890000 0.00
016.900000 0.00
016.910000 0.00
016.920000 0.00
016.930000 0.00
016.940000 0.00
016.950000 0.00
016.960000 0.00
016.970000 0.00
016.980000 0.00
016.990000 0.00
017.000000 0.00
017.010000 0.00
017.020000 0.00
017.030000 0.00
017.040000 0.00
017.050000 0.00
017.060000 0.00
017.070000 0.00
017.080000 0.00
017.090000 0.00
017.100000 0.00
017.110000 0.00
017.120000 0.00
017.130000 0.00
017.140000 0.00
017.150000 0.00
017.160000 0.00
017.170000 0.00
017.180000 0.00
017.190000 0.00
017.200000 0.00
017.210000 0.00
017.220000 0.00
017.230000 0.00
017.240000 0.00
017.250000 0.00
017.260000 0.00
017.270000 0.00
017.280000 0.00
017.290000 0.00
017.300000 0.00
017.310000 0.00
017.320000 0.00
017.330000 0.00
017.340000 0.00
017.350000 0.00
017.360000 0.00
017.370000 0.00
017.380000 0.00
017.390000 0.00
017.400000 0.00
017.410000 0.00
017.420000 0.00
017.430000 0.00
017.440000 0.00
017.450000 0.00
017.460000 0.00
017.470000 0.00
017.480000 0.00
017.490000 0.00
017.500000 0.00
017.510000 0.00
017.520000 0.00
017.530000 0.00
017.540000 0.00
017.550000 0.00
017.560000 0.00
017.570000 0.00
017.580000 0.00
017.590000 0.00
017.600000 0.00
017.610000 0.00
017.620000 0.00
017.630000 0.00
017.640000 0.00
017.650000 0.00
017.660000 0.00
017.670000 0.00
017.680000 0.00
017.690000 0.00
017.700000 0.00
017.710000 0.00
017.720000 0.00
017.730000 0.00
017.740000 0.00
017.750000 0.00
017.760000 0.00
017.770000 0.00
017.780000 0.00
017.790000 0.00
017.800000 0.00
017.810000 0.00
017.820000 0.00
017.830000 0.00
017.840000 0.00
017.850000 0.00
017.860000 0.00
017.870000 0.00
017.880000 0.00
017.890000 0.00
017.900000 0.00
017.910000 0.00
017.920000 0.00
017.930000 0.00
017.940000 0.00
017.950000 0.00
017.960000 0.00
017.970000 0.00
017.980000 0.00
017.990000 0.00
018.000000 0.00
018.010000 0.00
018.020000 0.00
018.030000 0.00
018.040000 0.00
018.050000 0.00
018.060000 0.00
018.070000 0.00
018.080000 0.00
018.090000 0.00
018.100000 0.00
018.110000 0.00
018.120000 0.00
018.130000 0.00
018.140000 0.00
018.150000 0.00
018.160000 0.00
018.170000 0.00
018.180000 0.00
018.190000 0.00
018.200000 0.00
018.210000 0.00
018.220000 0.00
018.230000 0.00
018.240000 0.00
018.250000 0.00
018.260000 0.00
018.270000 0.00
018.280000 0.00
018.290000 0.00
018.300000 0.00
018.310000 0.00
018.320000 0.00
018.330000 0.00
018.340000 0.00
018.350000 0.00
018.360000 0.00
018.370000 0.00
018.380000 0.00
018.390000 0.00
018.400000 0.00
018.410000 0.00
018.420000 0.00
018.430000 0.00
018.440000 0.00
018.450000 0.00
018.460000 0.00
018.470000 0.00
018.480000 0.00
018.490000 0.00
018.500000 0.00
018.510000 0.00
018.520000 0.00
018.530000 0.00
018.540000 0.00
018.550000 0.00
018.560000 0.00
018.570000 0.00
018.580000 0.00
018.590000 0.00
018.600000 0.00
018.610000 0.00
018.620000 0.00
018.630000 0.00
018.640000 0.00
018.650000 0.00
018.660000 0.00
018.670000 0.00
018.680000 0.00
018.690000 0.00
018.700000 0.00
018.710000 0.00
018.720000 0.00
018.730000 0.00
018.740000 0.00
018.750000 0.00
018.760000 0.00
018.770000 0.00
018.780000 0.00
018.790000 0.00
018.800000 0.00
018.810000 0.00
018.820000 0.00
018.830000 0.00
018.840000 0.00
018.850000 0.00
018.860000 0.00
018.870000 0.00
018.880000 0.00
018.890000 0.00
018.900000 0.00
018.910000 0.00
018.920000 0.00
018.930000 0.00
018.940000 0.00
018.950000 0.00
018.960000 0.00
018.970000 0.00
018.980000 0.00
018.990000 0.00
019.000000 0.00
019.010000 0.00
019.020000 0.00
019.030000 0.00
019.040000 0.00
019.050000 0.00
019.060000 0.00
019.070000 0.00
019.080000 0.00
019.090000 0.00
019.100000 0.00
019.110000 0.00
019.120000 0.00
019.130000 0.00
019.140000 0.00
019.150000 0.00
019.160000 0.00
019.170000 0.00
019.180000 0.00
019.190000 0.00
019.200000 0.00
019.210000 0.00
019.220000 0.00
019.230000 0.00
019.240000 0.00
019.250000 0.00
019.260000 0.00
019.270000 0.00
019.280000 0.00
019.290000 0.00
019.300000 0.00
019.310000 0.00
019.320000 0.00
019.330000 0.00
019.340000 0.00
019.350000 0.00
019.360000 0.00
019.370000 0.00
019.380000 0.00
019.390000 0.00
019.400000 0.00
019.410000 0.00
019.420000 0.00
019.430000 0.00
019.440000 0.00
019.450000 0.00
019.460000 0.00
019.470000 0.00
019.480000 0.00
019.490000 0.00
019.500000 0.00
019.510000 0.00
019.520000 0.00
019.530000 0.00
019.540000 0.00
019.550000 0.00
019.560000 0.00
019.570000 0.00
019.580000 0.00
019.590000 0.00
019.600000 0.00
019.610000 0.00
019.620000 0.00
019.630000 0.00
019.640000 0.00
019.650000 0.00
019.660000 0.00
019.670000 0.00
019.680000 0.00
019.690000 0.00
019.700000 0.00
019.710000 0.00
019.720000 0.00
019.730000 0.00
019.740000 0.00
019.750000 0.00
019.760000 0.00
019.770000 0.00
019.780000 0.00
019.790000 0.00
019.800000 0.00
019.810000 0.00
019.820000 0.00
019.830000 0.00
019.840000 0.00
019.850000 0.00
019.860000 0.00
019.870000 0.00
019.880000 0.00
019.890000 0.00
019.900000 0.00
019.910000 0.00
019.920000 0.00
019.930000 0.00
019.940000 0.00
019.950000 0.00
019.960000 0.00
019.970000 0.00
019.980000 0.00
019.990000 0.00
020.000000 0.00
020.010000 0.00
020.020000 0.00
020.030000 0.00
020.040000 0.00
020.050000 0.00
020.060000 0.00
020.070000 0.00
020.080000 0.00
020.090000 0.00
020.100000 0.00
020.110000 0.00
020.120000 0.00
020.130000 0.00
020.140000 0.00
020.150000 0.00
020.160000 0.00
020.170000 0.00
020.180000 0.00
020.190000 0.00
020.200000 0.00
020.210000 0.00
020.220000 0.00
020.230000 0.00
020.240000 0.00
020.250000 0.00
020.260000 0.00
020.270000 0.00
020.280000 0.00
020.290000 0.00
020.300000 0.00
020.310000 0.00
020.320000 0.00
020.330000 0.00
020.340000 0.00
020.350000 0.00
020.360000 0.00
020.370000 0.00
020.380000 0.00
020.390000 0.00
020.400000 0.00
020.410000 0.00
020.420000 0.00
020.430000 0.00
020.440000 0.00
020.450000 0.00
020.460000 0.00
020.470000 0.00
020.480000 0.00
020.490000 0.00
020.500000 0.00
020.510000 0.00
020.520000 0.00
020.530000 0.00
020.540000 0.00
020.550000 0.00
020.560000 0.00
020.570000 0.00
020.580000 0.00
020.590000 0.00
020.600000 0.00
020.610000 0.00
020.620000 0.00
020.630000 0.00
020.640000 0.00
020.650000 0.00
020.660000 0.00
020.670000 0.00
020.680000 0.00
020.690000 0.00
020.700000 0.00
020.710000 0.00
020.720000 0.00
020.730000 0.00
020.740000 0.00
020.750000 0.00
020.760000 0.00
020.770000 0.00
020.780000 0.00
020.790000 0.00
020.800000 0.00
020.810000 0.00
020.820000 0.00
020.830000 0.00
020.840000 0.00
020.850000 0.00
020.860000 0.00
020.870000 0.00
020.880000 0.00
020.890000 0.00
020.900000 0.00
020.910000 0.00
020.920000 0.00
020.930000 0.00
020.940000 0.00
020.950000 0.00
020.960000 0.00
020.970000 0.00
020.980000 0.00
020.990000 0.00
021.000000 0.00
021.010000 0.00
021.020000 0.00
021.030000 0.00
021.040000 0.00
021.050000 0.00
021.060000 0.00
021.070000 0.00
021.080000 0.00
021.090000 0.00
021.100000 0.00
021.110000 0.00
021.120000 0.00
021.130000 0.00
021.140000 0.00
021.150000 0.00
021.160000 0.00
021.170000 0.00
021.180000 0.00
021.190000 0.00
021.200000 0.00
021.210000 0.00
021.220000 0.00
021.230000 0.00
021.240000 0.00
021.250000 0.00
021.260000 0.00
021.270000 0.00
021.280000 0.00
021.290000 0.00
021.300000 0.00
021.310000 0.00
021.320000 0.00
021.330000 0.00
021.340000 0.00
021.350000 0.00
021.360000 0.00
021.370000 0.00
021.380000 0.00
021.390000 0.00
021.400000 0.00
021.410000 0.00
021.420000 0.00
021.430000 0.00
021.440000 0.00
021.450000 0.00
021.460000 0.00
021.470000 0.00
021.480000 0.00
021.490000 0.00
021.500000 0.00
021.510000 0.00
021.520000 0.00
021.530000 0.00
021.540000 0.00
021.550000 0.00
021.560000 0.00
021.570000 0.00
021.580000 0.00
021.590000 0.00
021.600000 0.00
021.610000 0.00
021.620000 0.00
021.630000 0.00
021.640000 0.00
021.650000 0.00
021.660000 0.00
021.670000 0.00
021.680000 0.00
021.690000 0.00
021.700000 0.00
021.710000 0.00
021.720000 0.00
021.730000 0.00
021.740000 0.00
021.750000 0.00
021.760000 0.00
021.770000 0.00
021.780000 0.00
021.790000 0.00
021.800000 0.00
021.810000 0.00
021.820000 0.00
021.830000 0.00
021.840000 0.00
021.850000 0.00
021.860000 0.00
021.870000 0.00
021.880000 0.00
021.890000 0.00
021.900000 0.00
021.910000 0.00
021.920000 0.00
021.930000 0.00
021.940000 0.00
021.950000 0.00
021.960000 0.00
021.970000 0.00
021.980000 0.00
021.990000 0.00
022.000000 0.00
022.010000 0.00
022.020000 0.00
022.030000 0.00
022.040000 0.00
022.050000 0.00
022.060000 0.00
022.070000 0.00
022.080000 0.00
022.090000 0.00
022.100000 0.00
022.110000 0.00
022.120000 0.00
022.130000 0.00
022.140000 0.00
022.150000 0.00
022.160000 0.00
022.170000 0.00
022.180000 0.00
022.190000 0.00
022.200000 0.00
022.210000 0.00
022.220000 0.00
022.230000 0.00
022.240000 0.00
022.250000 0.00
022.260000 0.00
022.270000 0.00
022.280000 0.00
022.290000 0.00
022.300000 0.00
022.310000 0.00
022.320000 0.00
022.330000 0.00
022.340000 0.00
022.350000 0.00
022.360000 0.00
022.370000 0.00
022.380000 0.00
022.390000 0.00
022.400000 0.00
022.410000 0.00
022.420000 0.00
022.430000 0.00
022.440000 0.00
022.450000 0.00
022.460000 0.00
022.470000 0.00
022.480000 0.00
022.490000 0.00
022.500000 0.00
022.510000 0.00
022.520000 0.00
022.530000 0.00
022.540000 0.00
022.550000 0.00
022.560000 0.00
022.570000 0.00
022.580000 0.00
022.590000 0.00
022.600000 0.00
022.610000 0.00
022.620000 0.00
022.630000 0.00
022.640000 0.00
022.650000 0.00
022.660000 0.00
022.670000 0.00
022.680000 0.00
022.690000 0.00
022.700000 0.00
022.710000 0.00
022.720000 0.00
022.730000 0.00
022.740000 0.00
022.750000 0.00
022.760000 0.00
022.770000 0.00
022.780000 0.00
022.790000 0.00
022.800000 0.00
022.810000 0.00
022.820000 0.00
022.830000 0.00
022.840000 0.00
022.850000 0.00
022.860000 0.00
022.870000 0.00
022.880000 0.00
022.890000 0.00
022.900000 0.00
022.910000 0.00
022.920000 0.00
022.930000 0.00
022.940000 0.00
022.950000 0.00
022.960000 0.00
022.970000 0.00
022.980000 0.00
022.990000 0.00
023.000000 0.00
023.010000 0.00
023.020000 0.00
023.030000 0.00
023.040000 0.00
023.050000 0.00
023.060000 0.00
023.070000 0.00
023.080000 0.00
023.090000 0.00
023.100000 0.00
023.110000 0.00
023.120000 0.00
023.130000 0.00
023.140000 0.00
023.150000 0.00
023.160000 0.00
023.170000 0.00
023.180000 0.00
023.190000 0.00
023.200000 0.00
023.210000 0.00
023.220000 0.00
023.230000 0.00
023.240000 0.00
023.250000 0.00
023.260000 0.00
023.270000 0.00
023.280000 0.00
023.290000 0.00
023.300000 0.00
023.310000 0.00
023.320000 0.00
023.330000 0.00
023.340000 0.00
023.350000 0.00
023.360000 0.00
023.370000 0.00
023.380000 0.00
023.390000 0.00
023.400000 0.00
023.410000 0.00
023.420000 0.00
023.430000 0.00
023.440000 0.00
023.450000 0.00
023.460000 0.00
023.470000 0.00
023.480000 0.00
023.490000 0.00
023.500000 0.00
023.510000 0.00
023.520000 0.00
023.530000 0.00
023.540000 0.00
023.550000 0.00
023.560000 0.00
023.570000 0.00
023.580000 0.00
023.590000 0.00
023.600000 0.00
023.610000 0.00
023.620000 0.00
023.630000 0.00
023.640000 0.00
023.650000 0.00
023.660000 0.00
023.670000 0.00
023.680000 0.00
023.690000 0.00
023.700000 0.00
023.710000 0.00
023.720000 0.00
023.730000 0.00
023.740000 0.00
023.750000 0.00
023.760000 0.00
023.770000 0.00
023.780000 0.00
023.790000 0.00
023.800000 0.00
023.810000 0.00
023.820000 0.00
023.830000 0.00
023.840000 0.00
023.850000 0.00
023.860000 0.00
023.870000 0.00
023.880000 0.00
023.890000 0.00
023.900000 0.00
023.910000 0.00
023.920000 0.00
023.930000 0.00
023.940000 0.00
023.950000 0.00
023.960000 0.00
023.970000 0.00
023.980000 0.00
023.990000 0.00
024.000000 0.00
024.010000 0.00
024.020000 0.00
024.030000 0.00
024.040000 0.00
024.050000 0.00
024.060000 0.00
024.070000 0.00
024.080000 0.00
024.090000 0.00
024.100000 0.00
024.110000 0.00
024.120000 0.00
024.130000 0.00
024.140000 0.00
024.150000 0.00
024.160000 0.00
024.170000 0.00
024.180000 0.00
024.190000 0.00
024.200000 0.00
024.210000 0.00
024.220000 0.00
024.230000 0.00
024.240000 0.00
024.250000 0.00
024.260000 0.00
024.270000 0.00
024.280000 0.00
024.290000 0.00
024.300000 0.00
024.310000 0.00
024.320000 0.00
024.330000 0.00
024.340000 0.00
024.350000 0.00
024.360000 0.00
024.370000 0.00
024.380000 0.00
024.390000 0.00
024.400000 0.00
024.410000 0.00
024.420000 0.00
024.430000 0.00
024.440000 0.00
024.450000 0.00
024.460000 0.00
024.470000 0.00
024.480000 0.00
024.490000 0.00
024.500000 0.00
024.510000 0.00
024.520000 0.00
024.530000 0.00
024.540000 0.00
024.550000 0.00
024.560000 0.00
024.570000 0.00
024.580000 0.00
024.590000 0.00
024.600000 0.00
024.610000 0.00
024.620000 0.00
024.630000 0.00
024.640000 0.00
024.650000 0.00
024.660000 0.00
024.670000 0.00
024.680000 0.00
024.690000 0.00
024.700000 0.00
024.710000 0.00
024.720000 0.00
024.730000 0.00
024.740000 0.00
024.750000 0.00
024.760000 0.00
024.770000 0.00
024.780000 0.00
024.790000 0.00
024.800000 0.00
024.810000 0.00
024.820000 0.00
024.830000 0.00
024.840000 0.00
024.850000 0.00
024.860000 0.00
024.870000 0.00
024.880000 0.00
024.890000 0.00
024.900000 0.00
024.910000 0.00
024.920000 0.00
024.930000 0.00
024.940000 0.00
024.950000 0.00
024.960000 0.00
024.970000 0.00
024.980000 0.00
024.990000 0.00
025.000000 0.00
025.010000 0.00
025.020000 0.00
025.030000 0.00
025.040000 0.00
025.050000 0.00
025.060000 0.00
025.070000 0.00
025.080000 0.00
025.090000 0.00
025.100000 0.00
025.110000 0.00
025.120000 0.00
025.130000 0.00
025.140000 0.00
025.150000 0.00
025.160000 0.00
025.170000 0.00
025.180000 0.00
025.190000 0.00
025.200000 0.00
025.210000 0.00
025.220000 0.00
025.230000 0.00
025.240000 0.00
025.250000 0.00
025.260000 0.00
025.270000 0.00
025.280000 0.00
025.290000 0.00
025.300000 0.00
025.310000 0.00
025.320000 0.00
025.330000 0.00
025.340000 0.00
025.350000 0.00
025.360000 0.00
025.370000 0.00
025.380000 0.00
025.390000 0.00
025.400000 0.00
025.410000 0.00
025.420000 0.00
025.430000 0.00
025.440000 0.00
025.450000 0.00
025.460000 0.00
025.470000 0.00
025.480000 0.00
025.490000 0.00
025.500000 0.00
025.510000 0.00
025.520000 0.00
025.530000 0.00
025.540000 0.00
025.550000 0.00
025.560000 0.00
025.570000 0.00
025.580000 0.00
025.590000 0.00
025.600000 0.00
025.610000 0.00
025.620000 0.00
025.630000 0.00
025.640000 0.00
025.650000 0.00
025.660000 0.00
025.670000 0.00
025.680000 0.00
025.690000 0.00
025.700000 0.00
025.710000 0.00
025.720000 0.00
025.730000 0.00
025.740000 0.00
025.750000 0.00
025.760000 0.00
025.770000 0.00
025.780000 0.00
025.790000 0.00
025.800000 0.00
025.810000 0.00
025.820000 0.00
025.830000 0.00
025.840000 0.00
025.850000 0.00
025.860000 0.00
025.870000 0.00
025.880000 0.00
025.890000 0.00
025.900000 0.00
025.910000 0.00
025.920000 0.00
025.930000 0.00
025.940000 0.00
025.950000 0.00
025.960000 0.00
025.970000 0.00
025.980000 0.00
025.990000 0.00
026.000000 0.00
026.010000 0.00
026.020000 0.00
026.030000 0.00
026.040000 0.00
026.050000 0.00
026.060000 0.00
026.070000 0.00
026.080000 0.00
026.090000 0.00
026.100000 0.00
026.110000 0.00
026.120000 0.00
026.130000 0.00
026.140000 0.00
026.150000 0.00
026.160000 0.00
026.170000 0.00
026.180000 0.00
026.190000 0.00
026.200000 0.00
026.210000 0.00
026.220000 0.00
026.230000 0.00
026.240000 0.00
026.250000 0.00
026.260000 0.00
026.270000 0.00
026.280000 0.00
026.290000 0.00
026.300000 0.00
026.310000 0.00
026.320000 0.00
026.330000 0.00
026.340000 0.00
026.350000 0.00
026.360000 0.00
026.370000 0.00
026.380000 0.00
026.390000 0.00
026.400000 0.00
026.410000 0.00
026.420000 0.00
026.430000 0.00
026.440000 0.00
026.450000 0.00
026.460000 0.00
026.470000 0.00
026.480000 0.00
026.490000 0.00
026.500000 0.00
026.510000 0.00
026.520000 0.00
026.530000 0.00
026.540000 0.00
026.550000 0.00
026.560000 0.00
026.570000 0.00
026.580000 0.00
026.590000 0.00
026.600000 0.00
026.610000 0.00
026.620000 0.00
026.630000 0.00
026.640000 0.00
026.650000 0.00
026.660000 0.00
026.670000 0.00
026.680000 0.00
026.690000 0.00
026.700000 0.00
026.710000 0.00
026.720000 0.00
026.730000 0.00
026.740000 0.00
026.750000 0.00
026.760000 0.00
026.770000 0.00
026.780000 0.00
026.790000 0.00
026.800000 0.00
026.810000 0.00
026.820000 0.00
026.830000 0.00
026.840000 0.00
026.850000 0.00
026.860000 0.00
026.870000 0.00
026.880000 0.00
026.890000 0.00
026.900000 0.00
026.910000 0.00
026.920000 0.00
026.930000 0.00
026.940000 0.00
026.950000 0.00
026.960000 0.00
026.970000 0.00
026.980000 0.00
026.990000 0.00
027.000000 0.00
027.010000 0.00
027.020000 0.00
027.030000 0.00
027.040000 0.00
027.050000 0.00
027.060000 0.00
027.070000 0.00
027.080000 0.00
027.090000 0.00
027.100000 0.00
027.110000 0.00
027.120000 0.00
027.130000 0.00
027.140000 0.00
027.150000 0.00
027.160000 0.00
027.170000 0.00
027.180000 0.00
027.190000 0.00
027.200000 0.00
027.210000 0.00
027.220000 0.00
027.230000 0.00
027.240000 0.00
027.250000 0.00
027.260000 0.00
027.270000 0.00
027.280000 0.00
027.290000 0.00
027.300000 0.00
027.310000 0.00
027.320000 0.00
027.330000 0.00
027.340000 0.00
027.350000 0.00
027.360000 0.00
027.370000 0.00
027.380000 0.00
027.390000 0.00
027.400000 0.00
027.410000 0.00
027.420000 0.00
027.430000 0.00
027.440000 0.00
027.450000 0.00
027.460000 0.00
027.470000 0.00
027.480000 0.00
027.490000 0.00
027.500000 0.00
027.510000 0.00
027.520000 0.00
027.530000 0.00
027.540000 0.00
027.550000 0.00
027.560000 0.00
027.570000 0.00
027.580000 0.00
027.590000 0.00
027.600000 0.00
027.610000 0.00
027.620000 0.00
027.630000 0.00
027.640000 0.00
027.650000 0.00
027.660000 0.00
027.670000 0.00
027.680000 0.00
027.690000 0.00
027.700000 0.00
027.710000 0.00
027.720000 0.00
027.730000 0.00
027.740000 0.00
027.750000 0.00
027.760000 0.00
027.770000 0.00
027.780000 0.00
027.790000 0.00
027.800000 0.00
027.810000 0.00
027.820000 0.00
027.830000 0.00
027.840000 0.00
027.850000 0.00
027.860000 0.00
027.870000 0.00
027.880000 0.00
027.890000 0.00
027.900000 0.00
027.910000 0.00
027.920000 0.00
027.930000 0.00
027.940000 0.00
027.950000 0.00
027.960000 0.00
027.970000 0.00
027.980000 0.00
027.990000 0.00
028.000000 0.00
028.010000 0.00
028.020000 0.00
028.030000 0.00
028.040000 0.00
028.050000 0.00
028.060000 0.00
028.070000 0.00
028.080000 0.00
028.090000 0.00
028.100000 0.00
028.110000 0.00
028.120000 0.00
028.130000 0.00
028.140000 0.00
028.150000 0.00
028.160000 0.00
028.170000 0.00
028.180000 0.00
028.190000 0.00
028.200000 0.00
028.210000 0.00
028.220000 0.00
028.230000 0.00
028.240000 0.00
028.250000 0.00
028.260000 0.00
028.270000 0.00
028.280000 0.00
028.290000 0.00
028.300000 0.00
028.310000 0.00
028.320000 0.00
028.330000 0.00
028.340000 0.00
028.350000 0.00
028.360000 0.00
028.370000 0.00
028.380000 0.00
028.390000 0.00
028.400000 0.00
028.410000 0.00
028.420000 0.00
028.430000 0.00
028.440000 0.00
028.450000 0.00
028.460000 0.00
028.470000 0.00
028.480000 0.00
028.490000 0.00
028.500000 0.00
028.510000 0.00
028.520000 0.00
028.530000 0.00
028.540000 0.00
028.550000 0.00
028.560000 0.00
028.570000 0.00
028.580000 0.00
028.590000 0.00
028.600000 0.00
028.610000 0.00
028.620000 0.00
028.630000 0.00
028.640000 0.00
028.650000 0.00
028.660000 0.00
028.670000 0.00
028.680000 0.00
028.690000 0.00
028.700000 0.00
028.710000 0.00
028.720000 0.00
028.730000 0.00
028.740000 0.00
028.750000 0.00
028.760000 0.00
028.770000 0.00
028.780000 0.00
028.790000 0.00
028.800000 0.00
028.810000 0.00
028.820000 0.00
028.830000 0.00
028.840000 0.00
028.850000 0.00
028.860000 0.00
028.870000 0.00
028.880000 0.00
028.890000 0.00
028.900000 0.00
028.910000 0.00
028.920000 0.00
028.930000 0.00
028.940000 0.00
028.950000 0.00
028.960000 0.00
028.970000 0.00
028.980000 0.00
028.990000 0.00
029.000000 0.00
029.010000 0.00
029.020000 0.00
029.030000 0.00
029.040000 0.00
029.050000 0.00
029.060000 0.00
029.070000 0.00
029.080000 0.00
029.090000 0.00
029.100000 0.00
029.110000 0.00
029.120000 0.00
029.130000 0.00
029.140000 0.00
029.150000 0.00
029.160000 0.00
029.170000 0.00
029.180000 0.00
029.190000 0.00
029.200000 0.00
029.210000 0.00
029.220000 0.00
029.230000 0.00
029.240000 0.00
029.250000 0.00
029.260000 0.00
029.270000 0.00
029.280000 0.00
029.290000 0.00
029.300000 0.00
029.310000 0.00
029.320000 0.00
029.330000 0.00
029.340000 0.00
029.350000 0.00
029.360000 0.00
029.370000 0.00
029.380000 0.00
029.390000 0.00
029.400000 0.00
029.410000 0.00
029.420000 0.00
029.430000 0.00
029.440000 0.00
029.450000 0.00
029.460000 0.00
029.470000 0.00
029.480000 0.00
029.490000 0.00
029.500000 0.00
029.510000 0.00
029.520000 0.00
029.530000 0.00
029.540000 0.00
029.550000 0.00
029.560000 0.00
029.570000 0.00
029.580000 0.00
029.590000 0.00
029.600000 0.00
029.610000 0.00
029.620000 0.00
029.630000 0.00
029.640000 0.00
029.650000 0.00
029.660000 0.00
029.670000 0.00
029.680000 0.00
029.690000 0.00
029.700000 0.00
029.710000 0.00
029.720000 0.00
029.730000 0.00
029.740000 0.00
029.750000 0.00
029.760000 0.00
029.770000 0.00
029.780000 0.00
029.790000 0.00
029.800000 0.00
029.810000 0.00
029.820000 0.00
029.830000 0.00
029.840000 0.00
029.850000 0.00
029.860000 0.00
029.870000 0.00
029.880000 0.00
029.890000 0.00
029.900000 0.00
029.910000 0.00
029.920000 0.00
029.930000 0.00
029.940000 0.00
029.950000 0.00
029.960000 0.00
029.970000 0.00
029.980000 0.00
029.990000 0.00
030.000000 0.00
