000.010000 0.00
000.020000 0.00
000.030000 0.00
000.040000 0.00
000.050000 0.00
000.060000 0.00
000.070000 0.00
000.080000 0.00
000.090000 0.00
000.100000 0.00
000.110000 0.00
000.120000 0.00
000.130000 0.00
000.140000 0.00
000.150000 0.00
000.160000 0.00
000.170000 0.00
000.180000 0.00
000.190000 0.00
000.200000 0.00
000.210000 0.00
000.220000 0.00
000.230000 0.00
000.240000 0.00
000.250000 0.00
000.260000 0.00
000.270000 0.00
000.280000 0.00
000.290000 0.00
000.300000 0.00
000.310000 0.00
000.320000 0.16
000.330000 0.00
000.340000 0.00
000.350000 0.00
000.360000 0.00
000.370000 0.00
000.380000 17.06
000.390000 21.76
000.400000 22.30
000.410000 22.60
000.420000 20.68
000.430000 23.35
000.440000 20.13
000.450000 22.06
000.460000 21.76
000.470000 21.58
000.480000 21.39
000.490000 21.41
000.500000 22.10
000.510000 21.53
000.520000 22.29
000.530000 22.27
000.540000 22.90
000.550000 23.91
000.560000 21.65
000.570000 22.51
000.580000 22.85
000.590000 21.47
000.600000 21.09
000.610000 20.63
000.620000 22.01
000.630000 22.64
000.640000 21.84
000.650000 23.21
000.660000 21.91
000.670000 22.35
000.680000 22.23
000.690000 22.61
000.700000 22.08
000.710000 22.42
000.720000 22.04
000.730000 21.54
000.740000 21.33
000.750000 21.41
000.760000 21.97
000.770000 23.50
000.780000 22.33
000.790000 20.89
000.800000 22.86
000.810000 22.44
000.820000 22.06
000.830000 21.89
000.840000 22.18
000.850000 22.84
000.860000 21.76
000.870000 21.76
000.880000 21.83
000.890000 20.91
000.900000 23.63
000.910000 21.43
000.920000 21.55
000.930000 21.60
000.940000 23.49
000.950000 20.92
000.960000 21.62
000.970000 22.04
000.980000 22.12
000.990000 22.06
001.000000 21.66
001.010000 22.69
001.020000 21.92
001.030000 21.95
001.040000 21.12
001.050000 23.36
001.060000 22.24
001.070000 22.64
001.080000 21.20
001.090000 21.63
001.100000 22.23
001.110000 21.43
001.120000 22.21
001.130000 20.71
001.140000 21.75
001.150000 22.55
001.160000 22.13
001.170000 21.26
001.180000 22.22
001.190000 22.04
001.200000 21.60
001.210000 23.45
001.220000 21.72
001.230000 21.95
001.240000 23.24
001.250000 21.67
001.260000 22.27
001.270000 21.51
001.280000 23.91
001.290000 21.97
001.300000 21.37
001.310000 21.93
001.320000 20.88
001.330000 22.50
001.340000 21.00
001.350000 21.57
001.360000 20.47
001.370000 21.93
001.380000 22.98
001.390000 21.60
001.400000 22.51
001.410000 21.84
001.420000 23.16
001.430000 21.24
001.440000 22.35
001.450000 22.54
001.460000 21.52
001.470000 22.50
001.480000 21.23
001.490000 22.24
001.500000 21.72
001.510000 23.53
001.520000 22.11
001.530000 20.69
001.540000 22.81
001.550000 21.09
001.560000 21.87
001.570000 22.27
001.580000 21.32
001.590000 22.01
001.600000 22.05
001.610000 21.83
001.620000 23.02
001.630000 22.73
001.640000 22.30
001.650000 22.21
001.660000 21.57
001.670000 23.01
001.680000 22.29
001.690000 22.28
001.700000 22.16
001.710000 21.57
001.720000 22.18
001.730000 21.91
001.740000 21.40
001.750000 21.90
001.760000 22.65
001.770000 22.26
001.780000 21.93
001.790000 22.55
001.800000 22.02
001.810000 22.08
001.820000 21.39
001.830000 22.53
001.840000 21.55
001.850000 22.54
001.860000 22.40
001.870000 22.13
001.880000 22.46
001.890000 21.02
001.900000 22.19
001.910000 21.90
001.920000 20.71
001.930000 22.14
001.940000 22.14
001.950000 22.79
001.960000 20.81
001.970000 21.45
001.980000 22.65
001.990000 21.64
002.000000 21.87
002.010000 22.54
002.020000 21.46
002.030000 22.35
002.040000 22.64
002.050000 21.35
002.060000 22.06
002.070000 22.07
002.080000 20.97
002.090000 22.67
002.100000 22.06
002.110000 23.14
002.120000 21.39
002.130000 22.50
002.140000 21.60
002.150000 21.65
002.160000 21.84
002.170000 21.75
002.180000 22.59
002.190000 22.44
002.200000 23.33
002.210000 21.32
002.220000 22.11
002.230000 22.15
002.240000 22.58
002.250000 21.88
002.260000 21.45
002.270000 22.80
002.280000 22.33
002.290000 21.66
002.300000 22.54
002.310000 21.38
002.320000 21.74
002.330000 22.58
002.340000 22.91
002.350000 21.21
002.360000 22.84
002.370000 22.21
002.380000 21.96
002.390000 21.03
002.400000 21.64
002.410000 22.16
002.420000 21.43
002.430000 22.41
002.440000 22.22
002.450000 20.10
002.460000 22.41
002.470000 23.07
002.480000 20.83
002.490000 21.70
002.500000 21.80
002.510000 21.88
002.520000 21.96
002.530000 22.67
002.540000 22.07
002.550000 21.69
002.560000 23.23
002.570000 22.68
002.580000 22.35
002.590000 22.29
002.600000 21.08
002.610000 22.64
002.620000 21.14
002.630000 22.83
002.640000 21.79
002.650000 22.36
002.660000 21.24
002.670000 21.55
002.680000 22.52
002.690000 21.58
002.700000 23.05
002.710000 20.92
002.720000 22.06
002.730000 22.41
002.740000 22.17
002.750000 21.19
002.760000 22.65
002.770000 20.17
002.780000 22.45
002.790000 21.94
002.800000 22.17
002.810000 21.56
002.820000 21.23
002.830000 22.24
002.840000 21.99
002.850000 21.35
002.860000 22.20
002.870000 21.56
002.880000 22.61
002.890000 22.99
002.900000 22.18
002.910000 21.13
002.920000 22.44
002.930000 21.51
002.940000 22.25
002.950000 21.33
002.960000 21.08
002.970000 23.23
002.980000 21.29
002.990000 22.76
003.000000 22.00
003.010000 22.15
003.020000 21.92
003.030000 22.61
003.040000 19.07
003.050000 21.07
003.060000 22.86
003.070000 21.46
003.080000 24.32
003.090000 22.40
003.100000 22.06
003.110000 21.45
003.120000 21.77
003.130000 22.43
003.140000 21.14
003.150000 22.04
003.160000 21.63
003.170000 22.39
003.180000 22.46
003.190000 22.33
003.200000 21.49
003.210000 22.80
003.220000 22.50
003.230000 23.37
003.240000 21.46
003.250000 21.60
003.260000 21.67
003.270000 21.53
003.280000 21.96
003.290000 22.45
003.300000 21.75
003.310000 22.82
003.320000 22.17
003.330000 22.54
003.340000 21.90
003.350000 22.44
003.360000 20.75
003.370000 21.62
003.380000 22.04
003.390000 21.92
003.400000 21.62
003.410000 22.26
003.420000 20.18
003.430000 20.35
003.440000 22.95
003.450000 21.53
003.460000 22.06
003.470000 22.28
003.480000 23.72
003.490000 22.11
003.500000 21.66
003.510000 21.62
003.520000 21.56
003.530000 22.27
003.540000 22.27
003.550000 21.39
003.560000 21.74
003.570000 21.81
003.580000 21.72
003.590000 22.78
003.600000 22.86
003.610000 21.72
003.620000 22.33
003.630000 20.11
003.640000 22.25
003.650000 22.48
003.660000 21.59
003.670000 22.26
003.680000 21.34
003.690000 23.56
003.700000 21.59
003.710000 21.11
003.720000 22.58
003.730000 20.91
003.740000 22.17
003.750000 22.41
003.760000 21.74
003.770000 22.10
003.780000 22.56
003.790000 21.61
003.800000 22.58
003.810000 20.98
003.820000 23.25
003.830000 22.28
003.840000 23.02
003.850000 22.08
003.860000 21.29
003.870000 22.70
003.880000 21.77
003.890000 21.90
003.900000 21.69
003.910000 21.81
003.920000 22.50
003.930000 21.55
003.940000 19.84
003.950000 22.12
003.960000 22.51
003.970000 22.23
003.980000 21.86
003.990000 20.39
004.000000 21.13
004.010000 22.60
004.020000 22.69
004.030000 22.16
004.040000 21.48
004.050000 23.22
004.060000 22.25
004.070000 21.56
004.080000 21.62
004.090000 23.78
004.100000 21.11
004.110000 22.17
004.120000 21.12
004.130000 22.12
004.140000 21.91
004.150000 21.18
004.160000 21.26
004.170000 21.74
004.180000 21.91
004.190000 22.15
004.200000 22.27
004.210000 22.83
004.220000 21.98
004.230000 21.44
004.240000 21.39
004.250000 21.92
004.260000 22.75
004.270000 22.60
004.280000 20.97
004.290000 21.71
004.300000 20.85
004.310000 22.33
004.320000 21.77
004.330000 21.42
004.340000 22.22
004.350000 21.80
004.360000 21.10
004.370000 23.09
004.380000 20.63
004.390000 21.53
004.400000 22.22
004.410000 22.83
004.420000 22.77
004.430000 20.96
004.440000 22.45
004.450000 22.15
004.460000 21.38
004.470000 23.32
004.480000 22.92
004.490000 21.38
004.500000 22.07
004.510000 23.30
004.520000 22.25
004.530000 21.63
004.540000 21.78
004.550000 22.15
004.560000 21.93
004.570000 21.40
004.580000 21.01
004.590000 23.04
004.600000 21.55
004.610000 21.38
004.620000 22.37
004.630000 22.12
004.640000 20.86
004.650000 22.53
004.660000 21.35
004.670000 21.36
004.680000 23.33
004.690000 22.27
004.700000 22.85
004.710000 21.28
004.720000 22.87
004.730000 21.36
004.740000 21.95
004.750000 23.46
004.760000 22.04
004.770000 20.70
004.780000 21.66
004.790000 23.10
004.800000 22.35
004.810000 21.95
004.820000 21.18
004.830000 22.44
004.840000 21.45
004.850000 22.84
004.860000 22.14
004.870000 21.37
004.880000 22.21
004.890000 20.99
004.900000 22.06
004.910000 21.00
004.920000 21.49
004.930000 23.02
004.940000 21.10
004.950000 22.40
004.960000 22.69
004.970000 22.72
004.980000 21.41
004.990000 21.17
005.000000 22.71
005.010000 23.12
005.020000 21.52
005.030000 21.60
005.040000 21.58
005.050000 22.02
005.060000 22.35
005.070000 21.57
005.080000 22.32
005.090000 20.74
005.100000 22.26
005.110000 21.40
005.120000 22.42
005.130000 21.35
005.140000 22.04
005.150000 22.27
005.160000 22.24
005.170000 21.70
005.180000 22.00
005.190000 21.49
005.200000 22.72
005.210000 22.22
005.220000 22.40
005.230000 23.24
005.240000 21.91
005.250000 22.73
005.260000 22.00
005.270000 21.63
005.280000 21.17
005.290000 21.90
005.300000 21.89
005.310000 21.68
005.320000 21.75
005.330000 22.38
005.340000 21.90
005.350000 22.59
005.360000 21.66
005.370000 22.10
005.380000 20.68
005.390000 22.74
005.400000 21.75
005.410000 23.42
005.420000 21.21
005.430000 21.21
005.440000 22.20
005.450000 21.86
005.460000 21.28
005.470000 22.41
005.480000 22.26
005.490000 22.93
005.500000 21.58
005.510000 21.53
005.520000 23.11
005.530000 22.00
005.540000 22.54
005.550000 20.65
005.560000 22.18
005.570000 20.79
005.580000 23.30
005.590000 21.78
005.600000 22.97
005.610000 22.34
005.620000 20.83
005.630000 22.15
005.640000 21.63
005.650000 21.22
005.660000 20.76
005.670000 22.29
005.680000 21.84
005.690000 23.64
005.700000 23.05
005.710000 21.37
005.720000 22.16
005.730000 22.18
005.740000 20.86
005.750000 21.76
005.760000 21.75
005.770000 21.03
005.780000 22.42
005.790000 21.06
005.800000 22.69
005.810000 22.68
005.820000 22.85
005.830000 21.15
005.840000 21.11
005.850000 22.43
005.860000 21.37
005.870000 22.46
005.880000 21.43
005.890000 22.51
005.900000 21.21
005.910000 20.67
005.920000 23.59
005.930000 22.13
005.940000 23.88
005.950000 21.77
005.960000 21.85
005.970000 20.84
005.980000 21.82
005.990000 21.46
006.000000 22.65
006.010000 22.13
006.020000 23.68
006.030000 22.23
006.040000 22.28
006.050000 21.94
006.060000 23.11
006.070000 22.73
006.080000 21.01
006.090000 20.46
006.100000 22.42
006.110000 21.52
006.120000 23.60
006.130000 20.51
006.140000 21.62
006.150000 21.79
006.160000 23.13
006.170000 21.94
006.180000 23.28
006.190000 22.67
006.200000 21.47
006.210000 22.91
006.220000 22.58
006.230000 22.34
006.240000 21.72
006.250000 22.46
006.260000 21.53
006.270000 22.90
006.280000 22.05
006.290000 22.22
006.300000 21.50
006.310000 22.01
006.320000 22.48
006.330000 22.01
006.340000 20.08
006.350000 23.57
006.360000 22.27
006.370000 22.46
006.380000 22.06
006.390000 22.04
006.400000 22.62
006.410000 22.47
006.420000 21.36
006.430000 23.03
006.440000 22.67
006.450000 21.89
006.460000 22.03
006.470000 20.73
006.480000 23.08
006.490000 22.83
006.500000 22.95
006.510000 22.59
006.520000 21.45
006.530000 22.59
006.540000 21.83
006.550000 22.05
006.560000 22.47
006.570000 23.09
006.580000 22.16
006.590000 22.24
006.600000 22.82
006.610000 21.75
006.620000 23.00
006.630000 21.90
006.640000 20.58
006.650000 21.39
006.660000 22.17
006.670000 21.71
006.680000 21.77
006.690000 21.11
006.700000 22.61
006.710000 20.42
006.720000 22.15
006.730000 21.51
006.740000 22.12
006.750000 21.78
006.760000 21.96
006.770000 21.48
006.780000 22.36
006.790000 22.19
006.800000 21.38
006.810000 21.97
006.820000 22.54
006.830000 22.91
006.840000 22.63
006.850000 21.47
006.860000 21.87
006.870000 21.37
006.880000 22.21
006.890000 21.70
006.900000 21.50
006.910000 21.61
006.920000 23.32
006.930000 21.51
006.940000 22.74
006.950000 21.13
006.960000 22.12
006.970000 21.41
006.980000 22.53
006.990000 21.37
007.000000 21.98
007.010000 22.94
007.020000 22.80
007.030000 21.58
007.040000 22.08
007.050000 21.29
007.060000 21.52
007.070000 21.88
007.080000 23.83
007.090000 21.07
007.100000 22.92
007.110000 21.42
007.120000 22.23
007.130000 20.63
007.140000 23.77
007.150000 21.81
007.160000 21.93
007.170000 21.74
007.180000 21.86
007.190000 21.93
007.200000 21.74
007.210000 21.14
007.220000 22.74
007.230000 23.55
007.240000 21.17
007.250000 22.38
007.260000 22.36
007.270000 21.46
007.280000 22.71
007.290000 22.35
007.300000 23.05
007.310000 21.01
007.320000 23.04
007.330000 22.07
007.340000 22.43
007.350000 22.88
007.360000 21.94
007.370000 22.82
007.380000 21.66
007.390000 21.87
007.400000 22.22
007.410000 22.71
007.420000 22.96
007.430000 21.83
007.440000 21.10
007.450000 22.09
007.460000 23.72
007.470000 21.60
007.480000 21.83
007.490000 21.34
007.500000 22.05
007.510000 22.37
007.520000 22.39
007.530000 22.52
007.540000 22.51
007.550000 22.36
007.560000 22.41
007.570000 22.09
007.580000 22.01
007.590000 21.93
007.600000 21.76
007.610000 22.94
007.620000 22.50
007.630000 21.76
007.640000 22.15
007.650000 21.07
007.660000 21.41
007.670000 22.07
007.680000 22.03
007.690000 22.22
007.700000 21.50
007.710000 22.70
007.720000 22.11
007.730000 21.37
007.740000 23.63
007.750000 21.59
007.760000 21.82
007.770000 21.81
007.780000 23.11
007.790000 23.51
007.800000 21.45
007.810000 21.57
007.820000 22.65
007.830000 22.45
007.840000 22.94
007.850000 22.15
007.860000 21.99
007.870000 21.44
007.880000 22.39
007.890000 22.23
007.900000 22.13
007.910000 21.81
007.920000 22.49
007.930000 21.60
007.940000 21.98
007.950000 22.78
007.960000 23.80
007.970000 21.29
007.980000 22.14
007.990000 21.08
008.000000 23.28
008.010000 22.32
008.020000 20.87
008.030000 22.03
008.040000 22.37
008.050000 21.87
008.060000 22.65
008.070000 21.77
008.080000 22.33
008.090000 22.01
008.100000 22.26
008.110000 23.38
008.120000 21.60
008.130000 21.86
008.140000 22.48
008.150000 22.76
008.160000 21.11
008.170000 21.78
008.180000 22.56
008.190000 22.89
008.200000 22.91
008.210000 21.07
008.220000 21.96
008.230000 21.47
008.240000 21.56
008.250000 22.93
008.260000 21.69
008.270000 22.35
008.280000 21.42
008.290000 21.69
008.300000 21.71
008.310000 22.23
008.320000 21.44
008.330000 22.02
008.340000 22.34
008.350000 22.45
008.360000 23.34
008.370000 21.39
008.380000 22.10
008.390000 22.27
008.400000 21.32
008.410000 22.34
008.420000 21.12
008.430000 22.45
008.440000 22.54
008.450000 21.82
008.460000 22.69
008.470000 22.29
008.480000 22.43
008.490000 21.99
008.500000 24.07
008.510000 21.68
008.520000 23.17
008.530000 21.73
008.540000 21.50
008.550000 22.35
008.560000 22.48
008.570000 21.44
008.580000 20.99
008.590000 22.93
008.600000 20.82
008.610000 22.84
008.620000 21.51
008.630000 22.10
008.640000 21.58
008.650000 22.51
008.660000 22.36
008.670000 21.58
008.680000 21.60
008.690000 20.50
008.700000 22.00
008.710000 22.50
008.720000 22.80
008.730000 22.39
008.740000 21.21
008.750000 21.85
008.760000 21.50
008.770000 22.86
008.780000 21.08
008.790000 22.79
008.800000 22.45
008.810000 21.47
008.820000 22.98
008.830000 21.70
008.840000 22.09
008.850000 22.47
008.860000 21.84
008.870000 20.66
008.880000 22.26
008.890000 21.67
008.900000 22.05
008.910000 21.28
008.920000 22.30
008.930000 23.18
008.940000 21.56
008.950000 23.43
008.960000 21.37
008.970000 21.89
008.980000 22.42
008.990000 21.39
009.000000 21.61
009.010000 22.41
009.020000 21.58
009.030000 21.94
009.040000 22.39
009.050000 21.41
009.060000 22.02
009.070000 23.22
009.080000 20.59
009.090000 22.45
009.100000 21.93
009.110000 22.61
009.120000 21.91
009.130000 21.98
009.140000 22.06
009.150000 22.55
009.160000 21.99
009.170000 20.70
009.180000 21.53
009.190000 22.69
009.200000 22.51
009.210000 22.04
009.220000 22.10
009.230000 21.92
009.240000 22.62
009.250000 22.33
009.260000 21.78
009.270000 24.16
009.280000 22.22
009.290000 21.98
009.300000 23.09
009.310000 22.22
009.320000 22.23
009.330000 22.30
009.340000 21.03
009.350000 23.16
009.360000 20.35
009.370000 21.91
009.380000 22.39
009.390000 21.39
009.400000 23.21
009.410000 21.87
009.420000 22.67
009.430000 21.82
009.440000 22.06
009.450000 22.37
009.460000 22.47
009.470000 21.46
009.480000 21.15
009.490000 22.66
009.500000 22.34
009.510000 21.26
009.520000 20.88
009.530000 23.29
009.540000 20.59
009.550000 24.03
009.560000 20.87
009.570000 21.44
009.580000 20.85
009.590000 22.25
009.600000 21.95
009.610000 22.69
009.620000 23.06
009.630000 22.56
009.640000 21.97
009.650000 21.52
009.660000 21.48
009.670000 22.34
009.680000 21.43
009.690000 21.76
009.700000 21.15
009.710000 22.60
009.720000 22.59
009.730000 22.83
009.740000 20.12
009.750000 21.92
009.760000 22.17
009.770000 22.06
009.780000 21.58
009.790000 23.58
009.800000 21.66
009.810000 22.01
009.820000 21.70
009.830000 21.30
009.840000 22.36
009.850000 22.34
009.860000 22.11
009.870000 22.81
009.880000 22.26
009.890000 21.47
009.900000 21.42
009.910000 22.89
009.920000 21.02
009.930000 22.62
009.940000 21.44
009.950000 23.06
009.960000 23.24
009.970000 23.31
009.980000 21.31
009.990000 21.38
010.000000 22.15
010.010000 22.44
010.020000 22.03
010.030000 21.55
010.040000 22.99
010.050000 21.72
010.060000 21.32
010.070000 22.14
010.080000 22.83
010.090000 22.56
010.100000 21.35
010.110000 20.64
010.120000 21.31
010.130000 22.26
010.140000 19.99
010.150000 22.78
010.160000 21.12
010.170000 21.98
010.180000 21.98
010.190000 22.94
010.200000 21.65
010.210000 21.79
010.220000 20.31
010.230000 21.73
010.240000 21.85
010.250000 22.55
010.260000 23.04
010.270000 22.55
010.280000 22.30
010.290000 23.18
010.300000 23.18
010.310000 21.89
010.320000 21.52
010.330000 21.33
010.340000 23.30
010.350000 21.37
010.360000 23.34
010.370000 21.91
010.380000 22.54
010.390000 22.00
010.400000 22.19
010.410000 21.78
010.420000 23.21
010.430000 21.76
010.440000 21.92
010.450000 22.63
010.460000 22.54
010.470000 21.48
010.480000 22.76
010.490000 22.38
010.500000 21.35
010.510000 21.66
010.520000 22.94
010.530000 23.59
010.540000 21.88
010.550000 21.32
010.560000 22.43
010.570000 22.34
010.580000 22.86
010.590000 21.85
010.600000 22.39
010.610000 21.66
010.620000 21.25
010.630000 22.85
010.640000 21.37
010.650000 21.42
010.660000 21.51
010.670000 20.92
010.680000 22.62
010.690000 22.39
010.700000 21.86
010.710000 22.37
010.720000 20.89
010.730000 23.10
010.740000 23.54
010.750000 21.98
010.760000 22.46
010.770000 21.81
010.780000 22.41
010.790000 22.38
010.800000 23.80
010.810000 21.80
010.820000 21.28
010.830000 21.44
010.840000 21.83
010.850000 23.53
010.860000 21.52
010.870000 22.79
010.880000 22.35
010.890000 22.06
010.900000 21.29
010.910000 22.26
010.920000 22.25
010.930000 22.34
010.940000 22.89
010.950000 22.05
010.960000 21.84
010.970000 22.50
010.980000 22.06
010.990000 21.92
011.000000 22.44
011.010000 22.54
011.020000 20.70
011.030000 21.87
011.040000 23.01
011.050000 21.76
011.060000 21.74
011.070000 20.89
011.080000 21.80
011.090000 21.78
011.100000 22.17
011.110000 21.84
011.120000 21.82
011.130000 23.59
011.140000 22.19
011.150000 22.12
011.160000 21.99
011.170000 21.42
011.180000 22.77
011.190000 22.51
011.200000 22.91
011.210000 21.96
011.220000 22.30
011.230000 21.43
011.240000 21.73
011.250000 23.24
011.260000 21.51
011.270000 21.37
011.280000 22.70
011.290000 23.23
011.300000 22.92
011.310000 22.68
011.320000 21.86
011.330000 21.72
011.340000 22.20
011.350000 21.47
011.360000 22.89
011.370000 22.20
011.380000 21.52
011.390000 22.87
011.400000 22.18
011.410000 21.56
011.420000 21.51
011.430000 21.91
011.440000 22.64
011.450000 23.07
011.460000 22.51
011.470000 21.79
011.480000 23.02
011.490000 21.77
011.500000 23.22
011.510000 22.10
011.520000 22.39
011.530000 22.98
011.540000 21.33
011.550000 21.04
011.560000 22.76
011.570000 21.46
011.580000 21.85
011.590000 21.48
011.600000 22.49
011.610000 21.99
011.620000 20.82
011.630000 22.08
011.640000 21.04
011.650000 22.92
011.660000 22.84
011.670000 21.07
011.680000 21.93
011.690000 23.07
011.700000 21.31
011.710000 22.93
011.720000 21.73
011.730000 23.25
011.740000 23.23
011.750000 21.86
011.760000 20.66
011.770000 22.31
011.780000 22.49
011.790000 22.47
011.800000 21.77
011.810000 22.16
011.820000 21.32
011.830000 22.99
011.840000 22.37
011.850000 21.48
011.860000 22.43
011.870000 21.99
011.880000 21.43
011.890000 22.80
011.900000 21.51
011.910000 22.19
011.920000 23.25
011.930000 22.29
011.940000 23.06
011.950000 22.13
011.960000 21.70
011.970000 21.54
011.980000 21.87
011.990000 20.74
012.000000 22.77
012.010000 22.23
012.020000 21.91
012.030000 23.90
012.040000 20.95
012.050000 21.21
012.060000 21.22
012.070000 22.22
012.080000 22.05
012.090000 20.40
012.100000 22.22
012.110000 23.24
012.120000 22.20
012.130000 21.73
012.140000 22.48
012.150000 21.07
012.160000 21.94
012.170000 22.12
012.180000 23.01
012.190000 22.22
012.200000 22.73
012.210000 21.72
012.220000 22.73
012.230000 20.92
012.240000 20.92
012.250000 23.02
012.260000 21.59
012.270000 22.28
012.280000 20.98
012.290000 23.67
012.300000 22.56
012.310000 21.25
012.320000 21.40
012.330000 22.31
012.340000 22.21
012.350000 22.81
012.360000 22.12
012.370000 21.06
012.380000 21.51
012.390000 22.34
012.400000 22.76
012.410000 21.77
012.420000 22.83
012.430000 21.95
012.440000 22.57
012.450000 21.92
012.460000 21.42
012.470000 22.99
012.480000 22.44
012.490000 21.96
012.500000 23.11
012.510000 20.38
012.520000 22.25
012.530000 21.29
012.540000 21.71
012.550000 21.37
012.560000 22.87
012.570000 22.35
012.580000 22.94
012.590000 22.00
012.600000 22.38
012.610000 21.64
012.620000 20.87
012.630000 21.63
012.640000 21.51
012.650000 21.62
012.660000 21.23
012.670000 22.72
012.680000 20.62
012.690000 23.04
012.700000 21.81
012.710000 23.01
012.720000 22.27
012.730000 20.77
012.740000 22.71
012.750000 21.11
012.760000 21.48
012.770000 21.87
012.780000 20.57
012.790000 23.12
012.800000 21.15
012.810000 22.24
012.820000 22.06
012.830000 21.67
012.840000 21.51
012.850000 22.80
012.860000 22.98
012.870000 22.10
012.880000 22.01
012.890000 20.85
012.900000 21.29
012.910000 22.72
012.920000 22.34
012.930000 22.29
012.940000 21.88
012.950000 23.38
012.960000 21.82
012.970000 22.50
012.980000 22.22
012.990000 23.07
013.000000 21.98
013.010000 22.00
013.020000 22.92
013.030000 22.62
013.040000 21.08
013.050000 22.25
013.060000 22.39
013.070000 21.99
013.080000 21.23
013.090000 21.62
013.100000 22.16
013.110000 21.99
013.120000 21.21
013.130000 22.48
013.140000 23.19
013.150000 21.41
013.160000 21.51
013.170000 21.98
013.180000 20.58
013.190000 22.63
013.200000 21.91
013.210000 22.12
013.220000 21.69
013.230000 21.59
013.240000 22.55
013.250000 21.40
013.260000 22.61
013.270000 21.00
013.280000 22.26
013.290000 22.52
013.300000 21.79
013.310000 21.12
013.320000 22.51
013.330000 22.09
013.340000 22.60
013.350000 22.77
013.360000 21.82
013.370000 21.21
013.380000 21.98
013.390000 21.39
013.400000 22.60
013.410000 22.17
013.420000 22.72
013.430000 21.77
013.440000 22.52
013.450000 21.35
013.460000 22.13
013.470000 22.14
013.480000 22.91
013.490000 20.40
013.500000 22.55
013.510000 20.85
013.520000 22.43
013.530000 21.17
013.540000 22.50
013.550000 21.10
013.560000 22.24
013.570000 22.37
013.580000 22.18
013.590000 22.55
013.600000 22.74
013.610000 23.71
013.620000 21.43
013.630000 21.41
013.640000 23.14
013.650000 20.93
013.660000 22.35
013.670000 24.07
013.680000 20.61
013.690000 23.22
013.700000 21.17
013.710000 22.41
013.720000 21.91
013.730000 20.63
013.740000 22.59
013.750000 22.56
013.760000 22.51
013.770000 20.79
013.780000 23.83
013.790000 21.38
013.800000 22.30
013.810000 22.63
013.820000 21.55
013.830000 21.74
013.840000 22.40
013.850000 21.44
013.860000 22.04
013.870000 21.69
013.880000 22.38
013.890000 20.97
013.900000 22.05
013.910000 22.73
013.920000 21.85
013.930000 20.90
013.940000 23.04
013.950000 22.61
013.960000 22.31
013.970000 22.69
013.980000 22.58
013.990000 22.20
014.000000 21.41
014.010000 22.34
014.020000 20.33
014.030000 23.43
014.040000 20.73
014.050000 23.19
014.060000 20.99
014.070000 22.02
014.080000 22.09
014.090000 21.18
014.100000 23.06
014.110000 21.17
014.120000 21.98
014.130000 22.87
014.140000 23.60
014.150000 21.38
014.160000 21.70
014.170000 20.31
014.180000 22.58
014.190000 20.86
014.200000 22.16
014.210000 23.11
014.220000 21.78
014.230000 22.36
014.240000 22.11
014.250000 22.10
014.260000 21.44
014.270000 22.22
014.280000 21.91
014.290000 22.96
014.300000 22.81
014.310000 22.00
014.320000 20.94
014.330000 21.93
014.340000 21.60
014.350000 21.37
014.360000 22.82
014.370000 22.07
014.380000 21.71
014.390000 21.75
014.400000 22.17
014.410000 22.83
014.420000 19.56
014.430000 22.00
014.440000 22.93
014.450000 22.12
014.460000 22.21
014.470000 21.04
014.480000 21.34
014.490000 21.81
014.500000 21.75
014.510000 23.39
014.520000 22.86
014.530000 23.12
014.540000 23.47
014.550000 22.86
014.560000 20.29
014.570000 22.36
014.580000 22.42
014.590000 21.85
014.600000 21.41
014.610000 21.89
014.620000 21.19
014.630000 22.12
014.640000 22.11
014.650000 21.13
014.660000 22.86
014.670000 22.37
014.680000 21.73
014.690000 21.27
014.700000 22.49
014.710000 22.73
014.720000 21.53
014.730000 22.55
014.740000 21.64
014.750000 21.57
014.760000 21.99
014.770000 22.17
014.780000 21.19
014.790000 23.71
014.800000 20.09
014.810000 22.48
014.820000 22.30
014.830000 22.58
014.840000 22.57
014.850000 22.77
014.860000 22.06
014.870000 22.13
014.880000 23.24
014.890000 21.43
014.900000 21.46
014.910000 22.01
014.920000 21.81
014.930000 21.27
014.940000 22.34
014.950000 22.00
014.960000 22.29
014.970000 22.34
014.980000 22.39
014.990000 21.73
015.000000 23.89
015.010000 21.89
015.020000 22.07
015.030000 23.26
015.040000 22.49
015.050000 21.44
015.060000 22.46
015.070000 22.01
015.080000 22.15
015.090000 22.58
015.100000 21.37
015.110000 22.17
015.120000 22.25
015.130000 22.18
015.140000 22.12
015.150000 20.80
015.160000 22.98
015.170000 21.89
015.180000 22.48
015.190000 21.75
015.200000 22.34
015.210000 21.91
015.220000 20.50
015.230000 22.34
015.240000 22.26
015.250000 20.63
015.260000 23.14
015.270000 21.51
015.280000 22.08
015.290000 23.35
015.300000 20.82
015.310000 21.19
015.320000 21.91
015.330000 23.06
015.340000 21.31
015.350000 22.43
015.360000 20.70
015.370000 23.19
015.380000 22.39
015.390000 21.01
015.400000 22.58
015.410000 22.67
015.420000 22.28
015.430000 21.09
015.440000 22.85
015.450000 22.31
015.460000 21.84
015.470000 22.43
015.480000 21.50
015.490000 22.45
015.500000 21.79
015.510000 23.06
015.520000 21.98
015.530000 22.77
015.540000 22.10
015.550000 22.30
015.560000 22.56
015.570000 22.08
015.580000 22.29
015.590000 20.29
015.600000 21.60
015.610000 21.54
015.620000 21.56
015.630000 22.01
015.640000 22.05
015.650000 22.46
015.660000 22.01
015.670000 21.53
015.680000 21.12
015.690000 22.34
015.700000 22.46
015.710000 22.15
015.720000 21.35
015.730000 22.98
015.740000 21.76
015.750000 22.42
015.760000 21.55
015.770000 23.13
015.780000 22.69
015.790000 21.23
015.800000 21.43
015.810000 22.52
015.820000 21.00
015.830000 22.74
015.840000 21.63
015.850000 21.68
015.860000 23.01
015.870000 22.45
015.880000 21.53
015.890000 22.33
015.900000 21.97
015.910000 22.23
015.920000 20.32
015.930000 22.59
015.940000 21.92
015.950000 21.89
015.960000 22.14
015.970000 21.07
015.980000 23.17
015.990000 22.30
016.000000 22.00
016.010000 22.29
016.020000 22.31
016.030000 21.76
016.040000 22.42
016.050000 21.86
016.060000 22.13
016.070000 22.71
016.080000 22.24
016.090000 21.12
016.100000 22.52
016.110000 22.16
016.120000 22.64
016.130000 21.68
016.140000 21.31
016.150000 21.60
016.160000 21.67
016.170000 22.32
016.180000 20.93
016.190000 23.44
016.200000 20.64
016.210000 23.14
016.220000 21.58
016.230000 22.21
016.240000 23.44
016.250000 22.01
016.260000 22.10
016.270000 22.41
016.280000 21.65
016.290000 21.65
016.300000 22.83
016.310000 21.46
016.320000 22.40
016.330000 22.33
016.340000 21.91
016.350000 22.37
016.360000 21.86
016.370000 22.52
016.380000 21.96
016.390000 22.15
016.400000 21.52
016.410000 22.97
016.420000 22.07
016.430000 21.86
016.440000 21.79
016.450000 21.05
016.460000 21.98
016.470000 21.20
016.480000 21.60
016.490000 22.76
016.500000 22.57
016.510000 22.12
016.520000 21.50
016.530000 22.50
016.540000 21.80
016.550000 22.08
016.560000 22.11
016.570000 22.84
016.580000 21.98
016.590000 20.72
016.600000 20.56
016.610000 21.78
016.620000 22.62
016.630000 21.53
016.640000 22.31
016.650000 20.11
016.660000 22.54
016.670000 21.47
016.680000 21.40
016.690000 22.87
016.700000 22.05
016.710000 23.71
016.720000 23.34
016.730000 21.42
016.740000 22.77
016.750000 22.55
016.760000 21.18
016.770000 22.86
016.780000 21.16
016.790000 22.86
016.800000 21.85
016.810000 22.67
016.820000 21.25
016.830000 22.81
016.840000 22.23
016.850000 21.52
016.860000 22.79
016.870000 21.28
016.880000 22.93
016.890000 22.59
016.900000 21.96
016.910000 20.97
016.920000 21.43
016.930000 21.68
016.940000 21.52
016.950000 21.89
016.960000 21.55
016.970000 22.27
016.980000 23.03
016.990000 22.39
017.000000 21.98
017.010000 22.28
017.020000 22.93
017.030000 22.91
017.040000 22.03
017.050000 21.66
017.060000 21.65
017.070000 22.48
017.080000 22.49
017.090000 21.61
017.100000 22.00
017.110000 21.93
017.120000 20.25
017.130000 21.61
017.140000 22.03
017.150000 22.50
017.160000 19.98
017.170000 23.36
017.180000 22.83
017.190000 21.16
017.200000 22.31
017.210000 21.30
017.220000 22.51
017.230000 22.62
017.240000 21.71
017.250000 22.57
017.260000 21.75
017.270000 21.38
017.280000 22.13
017.290000 22.24
017.300000 21.81
017.310000 21.28
017.320000 21.19
017.330000 22.91
017.340000 21.60
017.350000 22.92
017.360000 22.58
017.370000 22.90
017.380000 21.89
017.390000 22.17
017.400000 21.82
017.410000 22.84
017.420000 21.98
017.430000 22.65
017.440000 20.68
017.450000 21.95
017.460000 21.68
017.470000 22.00
017.480000 21.66
017.490000 22.74
017.500000 19.85
017.510000 23.12
017.520000 22.37
017.530000 22.08
017.540000 22.02
017.550000 21.42
017.560000 21.77
017.570000 21.31
017.580000 22.88
017.590000 22.66
017.600000 21.33
017.610000 21.23
017.620000 21.75
017.630000 21.23
017.640000 21.02
017.650000 22.88
017.660000 22.64
017.670000 23.00
017.680000 21.19
017.690000 22.05
017.700000 22.48
017.710000 21.85
017.720000 23.21
017.730000 21.41
017.740000 22.90
017.750000 21.25
017.760000 21.56
017.770000 22.97
017.780000 22.44
017.790000 20.38
017.800000 22.61
017.810000 21.34
017.820000 23.93
017.830000 21.65
017.840000 21.90
017.850000 22.33
017.860000 23.00
017.870000 22.02
017.880000 20.92
017.890000 22.32
017.900000 20.87
017.910000 22.30
017.920000 21.61
017.930000 21.97
017.940000 22.53
017.950000 22.30
017.960000 22.25
017.970000 22.15
017.980000 22.64
017.990000 21.21
018.000000 21.69
018.010000 21.59
018.020000 23.09
018.030000 21.58
018.040000 22.33
018.050000 22.28
018.060000 22.55
018.070000 22.40
018.080000 22.96
018.090000 22.36
018.100000 21.87
018.110000 23.22
018.120000 22.79
018.130000 22.32
018.140000 22.08
018.150000 22.04
018.160000 22.67
018.170000 21.85
018.180000 22.60
018.190000 22.59
018.200000 23.12
018.210000 22.60
018.220000 22.17
018.230000 22.30
018.240000 22.04
018.250000 22.62
018.260000 22.95
018.270000 21.72
018.280000 22.84
018.290000 21.22
018.300000 21.74
018.310000 22.40
018.320000 22.01
018.330000 21.65
018.340000 21.73
018.350000 21.66
018.360000 20.79
018.370000 21.54
018.380000 22.02
018.390000 24.03
018.400000 23.20
018.410000 23.83
018.420000 21.25
018.430000 22.95
018.440000 21.18
018.450000 22.07
018.460000 22.00
018.470000 22.64
018.480000 21.85
018.490000 21.66
018.500000 22.04
018.510000 22.31
018.520000 21.73
018.530000 21.33
018.540000 20.91
018.550000 21.66
018.560000 21.44
018.570000 22.13
018.580000 21.31
018.590000 21.57
018.600000 22.61
018.610000 21.93
018.620000 20.78
018.630000 22.03
018.640000 23.10
018.650000 21.06
018.660000 22.09
018.670000 22.59
018.680000 21.92
018.690000 21.59
018.700000 21.67
018.710000 21.64
018.720000 21.87
018.730000 23.25
018.740000 22.79
018.750000 21.57
018.760000 22.02
018.770000 20.60
018.780000 22.63
018.790000 21.12
018.800000 21.91
018.810000 22.91
018.820000 22.14
018.830000 22.00
018.840000 21.45
018.850000 21.33
018.860000 23.25
018.870000 22.79
018.880000 20.32
018.890000 22.37
018.900000 22.13
018.910000 21.98
018.920000 22.01
018.930000 22.25
018.940000 21.38
018.950000 22.26
018.960000 21.44
018.970000 21.40
018.980000 23.41
018.990000 21.92
019.000000 22.34
019.010000 21.17
019.020000 21.48
019.030000 22.40
019.040000 23.12
019.050000 22.57
019.060000 21.89
019.070000 21.87
019.080000 20.96
019.090000 21.46
019.100000 20.82
019.110000 22.72
019.120000 23.20
019.130000 22.15
019.140000 21.49
019.150000 21.93
019.160000 22.56
019.170000 21.47
019.180000 21.47
019.190000 21.73
019.200000 22.18
019.210000 22.83
019.220000 23.56
019.230000 21.83
019.240000 23.15
019.250000 23.67
019.260000 21.78
019.270000 22.11
019.280000 22.38
019.290000 21.62
019.300000 22.47
019.310000 22.14
019.320000 23.09
019.330000 21.33
019.340000 22.07
019.350000 22.33
019.360000 22.67
019.370000 22.68
019.380000 22.28
019.390000 21.91
019.400000 21.75
019.410000 21.83
019.420000 22.94
019.430000 22.28
019.440000 22.70
019.450000 22.40
019.460000 21.53
019.470000 22.49
019.480000 22.03
019.490000 22.42
019.500000 22.63
019.510000 21.38
019.520000 22.80
019.530000 21.41
019.540000 21.59
019.550000 21.04
019.560000 22.81
019.570000 20.34
019.580000 21.46
019.590000 22.02
019.600000 22.69
019.610000 23.30
019.620000 21.22
019.630000 23.61
019.640000 20.19
019.650000 22.62
019.660000 21.76
019.670000 22.06
019.680000 21.68
019.690000 22.03
019.700000 22.41
019.710000 21.34
019.720000 21.71
019.730000 22.38
019.740000 22.84
019.750000 22.78
019.760000 22.30
019.770000 21.41
019.780000 22.37
019.790000 21.43
019.800000 22.91
019.810000 22.49
019.820000 21.27
019.830000 20.03
019.840000 22.19
019.850000 22.32
019.860000 19.77
019.870000 22.68
019.880000 21.75
019.890000 22.22
019.900000 23.06
019.910000 21.32
019.920000 22.08
019.930000 21.88
019.940000 21.66
019.950000 21.78
019.960000 21.28
019.970000 21.85
019.980000 22.27
019.990000 22.10
020.000000 21.05
020.010000 22.56
020.020000 21.49
020.030000 21.08
020.040000 23.19
020.050000 22.52
020.060000 22.18
020.070000 20.62
020.080000 21.13
020.090000 22.09
020.100000 23.06
020.110000 23.01
020.120000 23.13
020.130000 21.08
020.140000 21.91
020.150000 21.50
020.160000 21.86
020.170000 22.21
020.180000 21.11
020.190000 22.37
020.200000 20.90
020.210000 21.94
020.220000 21.32
020.230000 21.59
020.240000 23.09
020.250000 21.87
020.260000 21.12
020.270000 23.70
020.280000 21.54
020.290000 22.09
020.300000 20.39
020.310000 22.09
020.320000 23.36
020.330000 22.77
020.340000 21.88
020.350000 22.16
020.360000 22.23
020.370000 22.18
020.380000 23.41
020.390000 20.46
020.400000 23.58
020.410000 21.59
020.420000 22.02
020.430000 22.17
020.440000 22.37
020.450000 21.51
020.460000 23.01
020.470000 20.78
020.480000 22.03
020.490000 22.04
020.500000 21.46
020.510000 21.75
020.520000 21.89
020.530000 21.60
020.540000 22.53
020.550000 20.91
020.560000 21.70
020.570000 21.52
020.580000 22.58
020.590000 23.01
020.600000 22.75
020.610000 22.09
020.620000 22.04
020.630000 22.22
020.640000 22.34
020.650000 21.19
020.660000 22.24
020.670000 21.89
020.680000 21.44
020.690000 22.83
020.700000 21.28
020.710000 21.65
020.720000 20.92
020.730000 22.00
020.740000 22.38
020.750000 22.56
020.760000 22.77
020.770000 22.63
020.780000 22.51
020.790000 22.24
020.800000 21.47
020.810000 21.46
020.820000 21.44
020.830000 23.83
020.840000 20.16
020.850000 22.81
020.860000 23.53
020.870000 21.70
020.880000 23.01
020.890000 22.20
020.900000 23.56
020.910000 22.26
020.920000 23.36
020.930000 21.32
020.940000 21.74
020.950000 22.52
020.960000 21.35
020.970000 22.03
020.980000 22.40
020.990000 21.98
021.000000 23.59
021.010000 22.49
021.020000 22.20
021.030000 21.52
021.040000 21.80
021.050000 21.98
021.060000 20.81
021.070000 21.91
021.080000 21.91
021.090000 21.54
021.100000 21.22
021.110000 22.06
021.120000 22.35
021.130000 22.28
021.140000 22.18
021.150000 21.19
021.160000 20.95
021.170000 23.62
021.180000 22.29
021.190000 22.04
021.200000 22.26
021.210000 21.58
021.220000 22.44
021.230000 22.25
021.240000 20.95
021.250000 21.85
021.260000 21.85
021.270000 21.32
021.280000 21.48
021.290000 21.66
021.300000 21.52
021.310000 21.79
021.320000 23.15
021.330000 21.77
021.340000 22.89
021.350000 21.97
021.360000 21.96
021.370000 23.20
021.380000 21.61
021.390000 22.01
021.400000 21.60
021.410000 21.89
021.420000 23.51
021.430000 21.89
021.440000 22.02
021.450000 22.18
021.460000 21.73
021.470000 22.95
021.480000 22.38
021.490000 20.60
021.500000 22.88
021.510000 22.14
021.520000 21.15
021.530000 21.92
021.540000 21.32
021.550000 22.02
021.560000 21.68
021.570000 21.49
021.580000 21.82
021.590000 22.74
021.600000 21.93
021.610000 22.54
021.620000 22.22
021.630000 22.32
021.640000 21.56
021.650000 20.50
021.660000 23.04
021.670000 21.71
021.680000 20.26
021.690000 22.11
021.700000 21.96
021.710000 21.87
021.720000 22.40
021.730000 22.53
021.740000 22.98
021.750000 21.55
021.760000 21.82
021.770000 22.51
021.780000 21.99
021.790000 21.31
021.800000 22.99
021.810000 21.87
021.820000 21.31
021.830000 21.86
021.840000 22.08
021.850000 21.75
021.860000 23.38
021.870000 22.67
021.880000 21.71
021.890000 22.72
021.900000 20.46
021.910000 22.70
021.920000 21.86
021.930000 21.84
021.940000 21.64
021.950000 21.71
021.960000 20.67
021.970000 21.33
021.980000 22.27
021.990000 22.78
022.000000 20.46
022.010000 23.10
022.020000 22.37
022.030000 22.45
022.040000 23.46
022.050000 22.18
022.060000 22.61
022.070000 21.59
022.080000 21.57
022.090000 21.03
022.100000 21.43
022.110000 23.03
022.120000 21.54
022.130000 22.51
022.140000 22.69
022.150000 21.65
022.160000 22.31
022.170000 22.05
022.180000 21.82
022.190000 23.97
022.200000 21.79
022.210000 21.83
022.220000 23.22
022.230000 22.74
022.240000 21.53
022.250000 22.24
022.260000 23.15
022.270000 22.50
022.280000 21.99
022.290000 20.94
022.300000 21.93
022.310000 21.70
022.320000 20.66
022.330000 23.40
022.340000 22.31
022.350000 21.77
022.360000 22.61
022.370000 23.83
022.380000 21.12
022.390000 21.91
022.400000 22.52
022.410000 21.76
022.420000 22.72
022.430000 22.62
022.440000 21.55
022.450000 21.03
022.460000 23.25
022.470000 22.71
022.480000 23.36
022.490000 22.02
022.500000 22.30
022.510000 22.31
022.520000 21.31
022.530000 22.17
022.540000 21.70
022.550000 21.48
022.560000 22.03
022.570000 22.39
022.580000 21.88
022.590000 21.61
022.600000 22.41
022.610000 23.64
022.620000 21.37
022.630000 22.49
022.640000 22.68
022.650000 22.22
022.660000 22.64
022.670000 22.10
022.680000 20.92
022.690000 22.50
022.700000 21.28
022.710000 21.32
022.720000 20.57
022.730000 21.60
022.740000 22.44
022.750000 21.54
022.760000 22.26
022.770000 22.47
022.780000 23.08
022.790000 21.55
022.800000 23.14
022.810000 22.49
022.820000 22.08
022.830000 22.12
022.840000 21.55
022.850000 21.54
022.860000 21.97
022.870000 21.42
022.880000 21.20
022.890000 21.86
022.900000 22.47
022.910000 22.67
022.920000 22.22
022.930000 23.23
022.940000 21.81
022.950000 23.12
022.960000 20.88
022.970000 21.98
022.980000 22.57
022.990000 21.62
023.000000 23.45
023.010000 22.11
023.020000 23.95
023.030000 22.13
023.040000 23.22
023.050000 21.44
023.060000 21.05
023.070000 21.64
023.080000 22.43
023.090000 21.51
023.100000 21.86
023.110000 22.55
023.120000 22.96
023.130000 20.79
023.140000 23.12
023.150000 22.87
023.160000 24.77
023.170000 21.46
023.180000 22.42
023.190000 22.03
023.200000 21.97
023.210000 21.52
023.220000 21.06
023.230000 21.34
023.240000 22.46
023.250000 21.71
023.260000 22.60
023.270000 22.58
023.280000 22.87
023.290000 22.00
023.300000 20.62
023.310000 21.83
023.320000 21.72
023.330000 21.76
023.340000 21.59
023.350000 21.42
023.360000 22.86
023.370000 21.49
023.380000 23.29
023.390000 21.67
023.400000 22.97
023.410000 21.20
023.420000 22.84
023.430000 21.82
023.440000 21.97
023.450000 21.45
023.460000 22.01
023.470000 21.60
023.480000 23.46
023.490000 21.68
023.500000 22.22
023.510000 20.52
023.520000 22.48
023.530000 21.53
023.540000 21.56
023.550000 23.42
023.560000 21.37
023.570000 22.69
023.580000 21.05
023.590000 22.20
023.600000 21.32
023.610000 21.58
023.620000 22.86
023.630000 21.45
023.640000 21.86
023.650000 22.06
023.660000 22.36
023.670000 21.90
023.680000 21.69
023.690000 22.45
023.700000 21.59
023.710000 23.00
023.720000 22.12
023.730000 22.18
023.740000 21.18
023.750000 22.89
023.760000 22.53
023.770000 21.10
023.780000 22.43
023.790000 22.06
023.800000 21.10
023.810000 20.98
023.820000 22.54
023.830000 20.87
023.840000 22.73
023.850000 22.20
023.860000 22.46
023.870000 21.25
023.880000 22.89
023.890000 21.71
023.900000 22.38
023.910000 22.14
023.920000 22.67
023.930000 22.50
023.940000 21.98
023.950000 22.33
023.960000 22.00
023.970000 21.60
023.980000 22.92
023.990000 22.80
024.000000 22.33
024.010000 22.23
024.020000 22.69
024.030000 20.21
024.040000 21.61
024.050000 22.65
024.060000 22.97
024.070000 21.18
024.080000 23.26
024.090000 21.05
024.100000 22.43
024.110000 21.68
024.120000 22.91
024.130000 21.47
024.140000 20.67
024.150000 21.99
024.160000 23.28
024.170000 22.65
024.180000 22.11
024.190000 22.13
024.200000 22.31
024.210000 23.00
024.220000 22.15
024.230000 22.28
024.240000 22.65
024.250000 22.04
024.260000 21.84
024.270000 22.16
024.280000 21.80
024.290000 21.37
024.300000 22.23
024.310000 22.25
024.320000 21.98
024.330000 22.51
024.340000 21.47
024.350000 22.35
024.360000 21.29
024.370000 23.91
024.380000 22.13
024.390000 22.03
024.400000 22.40
024.410000 21.83
024.420000 22.26
024.430000 22.14
024.440000 22.19
024.450000 22.72
024.460000 22.39
024.470000 22.56
024.480000 23.05
024.490000 22.34
024.500000 21.41
024.510000 22.99
024.520000 21.83
024.530000 22.74
024.540000 22.20
024.550000 22.33
024.560000 22.60
024.570000 22.49
024.580000 21.08
024.590000 22.87
024.600000 22.11
024.610000 20.82
024.620000 21.91
024.630000 22.23
024.640000 22.39
024.650000 21.58
024.660000 21.55
024.670000 23.83
024.680000 21.16
024.690000 22.66
024.700000 21.69
024.710000 21.43
024.720000 22.03
024.730000 22.48
024.740000 22.03
024.750000 22.09
024.760000 22.36
024.770000 22.19
024.780000 22.28
024.790000 22.84
024.800000 22.01
024.810000 20.96
024.820000 22.63
024.830000 20.84
024.840000 21.41
024.850000 23.06
024.860000 22.11
024.870000 21.52
024.880000 22.46
024.890000 22.23
024.900000 23.30
024.910000 22.60
024.920000 22.40
024.930000 22.44
024.940000 21.18
024.950000 23.04
024.960000 21.22
024.970000 21.66
024.980000 22.44
024.990000 22.95
025.000000 22.41
025.010000 22.17
025.020000 21.72
025.030000 22.33
025.040000 21.65
025.050000 24.17
025.060000 21.13
025.070000 22.47
025.080000 21.49
025.090000 23.31
025.100000 21.24
025.110000 22.20
025.120000 23.34
025.130000 21.55
025.140000 21.73
025.150000 21.10
025.160000 23.25
025.170000 21.76
025.180000 22.55
025.190000 21.18
025.200000 22.03
025.210000 21.86
025.220000 22.49
025.230000 22.15
025.240000 20.81
025.250000 22.73
025.260000 21.85
025.270000 21.98
025.280000 22.23
025.290000 22.65
025.300000 21.95
025.310000 22.77
025.320000 21.33
025.330000 23.98
025.340000 21.04
025.350000 22.43
025.360000 22.80
025.370000 20.14
025.380000 22.45
025.390000 21.55
025.400000 21.22
025.410000 22.28
025.420000 21.54
025.430000 23.38
025.440000 21.46
025.450000 22.42
025.460000 21.44
025.470000 22.76
025.480000 22.78
025.490000 21.62
025.500000 22.19
025.510000 22.39
025.520000 21.44
025.530000 22.36
025.540000 21.90
025.550000 22.18
025.560000 21.38
025.570000 22.23
025.580000 20.44
025.590000 22.22
025.600000 21.84
025.610000 23.97
025.620000 21.39
025.630000 21.56
025.640000 22.74
025.650000 22.56
025.660000 22.00
025.670000 21.29
025.680000 21.54
025.690000 21.79
025.700000 23.58
025.710000 22.25
025.720000 22.64
025.730000 22.23
025.740000 21.56
025.750000 22.03
025.760000 22.04
025.770000 22.54
025.780000 22.09
025.790000 21.95
025.800000 20.06
025.810000 23.40
025.820000 22.59
025.830000 21.88
025.840000 20.27
025.850000 21.92
025.860000 22.14
025.870000 22.40
025.880000 22.20
025.890000 22.33
025.900000 22.06
025.910000 21.94
025.920000 21.98
025.930000 22.43
025.940000 21.50
025.950000 23.56
025.960000 21.82
025.970000 22.46
025.980000 22.52
025.990000 23.56
026.000000 22.39
026.010000 21.26
026.020000 22.42
026.030000 21.65
026.040000 21.74
026.050000 23.07
026.060000 21.81
026.070000 22.19
026.080000 22.87
026.090000 22.64
026.100000 22.99
026.110000 21.24
026.120000 22.32
026.130000 22.46
026.140000 22.61
026.150000 21.68
026.160000 22.55
026.170000 23.07
026.180000 21.37
026.190000 22.80
026.200000 21.40
026.210000 24.54
026.220000 21.52
026.230000 22.13
026.240000 22.68
026.250000 21.41
026.260000 21.91
026.270000 22.37
026.280000 22.83
026.290000 21.74
026.300000 22.62
026.310000 22.31
026.320000 21.17
026.330000 21.44
026.340000 20.60
026.350000 21.96
026.360000 23.75
026.370000 21.59
026.380000 20.66
026.390000 21.76
026.400000 22.15
026.410000 23.31
026.420000 21.49
026.430000 22.64
026.440000 21.32
026.450000 22.14
026.460000 21.43
026.470000 22.75
026.480000 21.47
026.490000 23.45
026.500000 23.13
026.510000 20.86
026.520000 21.93
026.530000 22.29
026.540000 22.11
026.550000 21.23
026.560000 21.67
026.570000 21.88
026.580000 22.38
026.590000 21.71
026.600000 22.69
026.610000 22.55
026.620000 22.85
026.630000 22.71
026.640000 20.90
026.650000 21.82
026.660000 22.13
026.670000 21.91
026.680000 21.17
026.690000 21.73
026.700000 22.95
026.710000 21.33
026.720000 23.04
026.730000 21.89
026.740000 21.40
026.750000 21.36
026.760000 22.23
026.770000 22.89
026.780000 22.59
026.790000 19.70
026.800000 21.90
026.810000 21.53
026.820000 23.43
026.830000 20.48
026.840000 23.48
026.850000 23.09
026.860000 21.19
026.870000 21.71
026.880000 23.22
026.890000 22.43
026.900000 21.15
026.910000 22.39
026.920000 21.55
026.930000 23.25
026.940000 22.61
026.950000 23.25
026.960000 21.06
026.970000 21.34
026.980000 22.72
026.990000 21.02
027.000000 22.13
027.010000 21.65
027.020000 21.99
027.030000 21.77
027.040000 22.96
027.050000 22.51
027.060000 23.33
027.070000 22.21
027.080000 20.68
027.090000 22.46
027.100000 21.95
027.110000 22.18
027.120000 21.84
027.130000 22.77
027.140000 21.88
027.150000 21.82
027.160000 21.20
027.170000 20.82
027.180000 21.79
027.190000 22.40
027.200000 22.27
027.210000 22.17
027.220000 21.44
027.230000 21.63
027.240000 21.07
027.250000 21.84
027.260000 21.58
027.270000 23.06
027.280000 21.98
027.290000 22.75
027.300000 23.10
027.310000 21.97
027.320000 21.35
027.330000 21.54
027.340000 22.84
027.350000 21.64
027.360000 22.73
027.370000 23.63
027.380000 21.96
027.390000 22.13
027.400000 22.45
027.410000 21.74
027.420000 22.70
027.430000 22.37
027.440000 22.13
027.450000 22.42
027.460000 21.43
027.470000 21.30
027.480000 21.88
027.490000 23.00
027.500000 21.97
027.510000 21.24
027.520000 22.72
027.530000 21.44
027.540000 21.96
027.550000 21.46
027.560000 22.15
027.570000 21.11
027.580000 23.08
027.590000 21.26
027.600000 21.96
027.610000 21.40
027.620000 21.56
027.630000 20.33
027.640000 22.76
027.650000 21.94
027.660000 22.63
027.670000 21.82
027.680000 21.69
027.690000 22.80
027.700000 22.36
027.710000 21.56
027.720000 22.26
027.730000 21.68
027.740000 20.11
027.750000 21.72
027.760000 18.34
027.770000 18.88
027.780000 21.96
027.790000 18.08
027.800000 19.58
027.810000 19.45
027.820000 20.89
027.830000 20.70
027.840000 19.19
027.850000 22.69
027.860000 22.36
027.870000 22.88
027.880000 21.49
027.890000 21.32
027.900000 22.40
027.910000 21.74
027.920000 20.75
027.930000 22.84
027.940000 21.63
027.950000 22.50
027.960000 22.08
027.970000 22.54
027.980000 22.33
027.990000 21.70
028.000000 21.33
028.010000 22.85
028.020000 22.00
028.030000 21.78
028.040000 22.01
028.050000 21.72
028.060000 21.75
028.070000 21.75
028.080000 22.27
028.090000 22.45
028.100000 22.85
028.110000 20.76
028.120000 22.86
028.130000 22.68
028.140000 21.95
028.150000 21.38
028.160000 22.35
028.170000 22.27
028.180000 22.46
028.190000 20.93
028.200000 23.01
028.210000 7.14
028.220000 0.00
028.230000 0.00
028.240000 0.00
028.250000 0.00
028.260000 0.00
028.270000 0.00
028.280000 0.00
028.290000 0.00
028.300000 0.00
028.310000 0.00
028.320000 0.00
028.330000 0.00
028.340000 0.00
028.350000 0.00
028.360000 0.00
028.370000 0.00
028.380000 0.00
028.390000 0.00
028.400000 0.00
028.410000 0.00
028.420000 0.00
028.430000 0.00
028.440000 0.00
028.450000 0.00
028.460000 0.00
028.470000 0.00
028.480000 0.00
028.490000 0.00
028.500000 0.00
028.510000 0.00
028.520000 0.00
028.530000 0.00
028.540000 0.00
028.550000 0.00
028.560000 0.00
028.570000 0.00
028.580000 0.00
028.590000 0.00
028.600000 0.00
028.610000 0.00
028.620000 0.00
028.630000 0.00
028.640000 0.00
028.650000 0.00
028.660000 0.00
028.670000 0.00
028.680000 0.00
028.690000 0.00
028.700000 0.00
028.710000 0.00
028.720000 0.00
028.730000 0.00
028.740000 0.00
028.750000 0.00
028.760000 0.00
028.770000 0.00
028.780000 0.00
028.790000 0.00
028.800000 0.00
028.810000 0.00
028.820000 0.00
028.830000 0.00
028.840000 0.00
028.850000 0.00
028.860000 0.00
028.870000 0.00
028.880000 0.00
028.890000 0.00
028.900000 0.00
028.910000 0.00
028.920000 0.00
028.930000 0.00
028.940000 0.00
028.950000 0.00
028.960000 0.00
028.970000 0.00
028.980000 0.00
028.990000 0.00
029.000000 0.00
029.010000 0.00
029.020000 0.00
029.030000 0.00
029.040000 0.00
029.050000 0.00
029.060000 0.00
029.070000 0.00
029.080000 0.00
029.090000 0.00
029.100000 0.00
029.110000 0.00
029.120000 0.00
029.130000 0.00
029.140000 0.00
029.150000 0.00
029.160000 0.00
029.170000 0.00
029.180000 0.00
029.190000 0.00
029.200000 0.00
029.210000 0.00
029.220000 0.00
029.230000 0.00
029.240000 0.00
029.250000 0.00
029.260000 0.00
029.270000 0.00
029.280000 0.00
029.290000 0.00
029.300000 0.00
029.310000 0.00
029.320000 0.00
029.330000 0.00
029.340000 0.00
029.350000 0.00
029.360000 0.00
029.370000 0.00
029.380000 0.00
029.390000 0.00
029.400000 0.00
029.410000 0.00
029.420000 0.00
029.430000 0.00
029.440000 0.00
029.450000 0.00
029.460000 0.00
029.470000 0.00
029.480000 0.00
029.490000 0.00
029.500000 0.00
029.510000 0.00
029.520000 0.00
029.530000 0.00
029.540000 0.00
029.550000 0.00
029.560000 0.00
029.570000 0.00
029.580000 0.00
029.590000 0.00
029.600000 0.00
029.610000 0.00
029.620000 0.00
029.630000 0.00
029.640000 0.00
029.650000 0.00
029.660000 0.00
029.670000 0.00
029.680000 0.00
029.690000 0.00
029.700000 0.00
029.710000 0.00
029.720000 0.00
029.730000 0.00
029.740000 0.00
029.750000 0.00
029.760000 0.00
029.770000 0.00
029.780000 0.00
029.790000 0.00
029.800000 0.00
029.810000 0.00
029.820000 0.00
029.830000 0.00
029.840000 0.00
029.850000 0.00
029.860000 0.00
029.870000 0.00
029.880000 0.00
029.890000 0.00
029.900000 0.00
029.910000 0.00
029.920000 0.00
029.930000 0.00
029.940000 0.00
029.950000 0.00
029.960000 0.00
029.970000 0.00
029.980000 0.00
029.990000 0.00
030.000000 0.00
